460990000000100     1630823724305428	1	0	0	0	0	0	0	0	0	0	
460990000000100     1630823724305731 0 1 0 0 0 0 0 0 0 0 
460990000000099     1630823724305749	1	0	0	0	0	0	0	0	0	0	
460990000000099     1630823724305899 0 1 0 0 0 0 0 0 0 0 
460990000000100     1630823724305892 0 0 1 0 0 0 0 0 0 0 
460990000000098     1630823724306047	1	0	0	0	0	0	0	0	0	0	
460990000000098     1630823724306143 0 1 0 0 0 0 0 0 0 0 
460990000000098     1630823724306243 0 0 1 0 0 0 0 0 0 0 
460990000000099     1630823724306663 0 0 1 0 0 0 0 0 0 0 
460990000000100     1630823724306810 0 0 0 1 0 0 0 0 0 0 
460990000000097     1630823724306657	1	0	0	0	0	0	0	0	0	0	
460990000000097     1630823724307127 0 1 0 0 0 0 0 0 0 0 
460990000000098     1630823724307342 0 0 0 1 0 0 0 0 0 0 
460990000000099     1630823724307579 0 0 0 1 0 0 0 0 0 0 
460990000000097     1630823724307480 0 0 1 0 0 0 0 0 0 0 
460990000000094     1630823724307947	1	0	0	0	0	0	0	0	0	0	
460990000000093     1630823724308379	1	0	0	0	0	0	0	0	0	0	
460990000000093     1630823724308731 0 1 0 0 0 0 0 0 0 0 
460990000000093     1630823724308899 0 0 1 0 0 0 0 0 0 0 
460990000000097     1630823724309010 0 0 0 1 0 0 0 0 0 0 
460990000000092     1630823724309799	1	0	0	0	0	0	0	0	0	0	
460990000000092     1630823724309956 0 1 0 0 0 0 0 0 0 0 
460990000000092     1630823724310026 0 0 1 0 0 0 0 0 0 0 
460990000000081     1630823724311448	1	0	0	0	0	0	0	0	0	0	
460990000000081     1630823724311842 0 1 0 0 0 0 0 0 0 0 
460990000000081     1630823724312217 0 0 1 0 0 0 0 0 0 0 
460990000000092     1630823724312600 0 0 0 1 0 0 0 0 0 0 
460990000000094     1630823724313102 0 1 0 0 0 0 0 0 0 0 
460990000000094     1630823724313771 0 0 1 0 0 0 0 0 0 0 
460990000000089     1630823724308981	1	0	0	0	0	0	0	0	0	0	
460990000000081     1630823724315765 0 0 0 1 0 0 0 0 0 0 
460990000000093     1630823724315363 0 0 0 1 0 0 0 0 0 0 
460990000000089     1630823724321331 0 1 0 0 0 0 0 0 0 0 
460990000000094     1630823724321762 0 0 0 1 0 0 0 0 0 0 
460990000000089     1630823724322436 0 0 1 0 0 0 0 0 0 0 
460990000000090     1630823724322990	1	0	0	0	0	0	0	0	0	0	
460990000000034     1630823724323113	1	0	0	0	0	0	0	0	0	0	
460990000000079     1630823724323249	1	0	0	0	0	0	0	0	0	0	
460990000000090     1630823724323446 0 1 0 0 0 0 0 0 0 0 
460990000000084     1630823724323132	1	0	0	0	0	0	0	0	0	0	
460990000000084     1630823724323552 0 1 0 0 0 0 0 0 0 0 
460990000000027     1630823724323023	1	0	0	0	0	0	0	0	0	0	
460990000000079     1630823724323677 0 1 0 0 0 0 0 0 0 0 
460990000000027     1630823724323719 0 1 0 0 0 0 0 0 0 0 
460990000000089     1630823724323882 0 0 0 1 0 0 0 0 0 0 
460990000000088     1630823724324994	1	0	0	0	0	0	0	0	0	0	
460990000000034     1630823724325492 0 1 0 0 0 0 0 0 0 0 
460990000000027     1630823724323841 0 0 1 0 0 0 0 0 0 0 
460990000000090     1630823724325099 0 0 1 0 0 0 0 0 0 0 
460990000000084     1630823724325380 0 0 1 0 0 0 0 0 0 0 
460990000000035     1630823724325554	1	0	0	0	0	0	0	0	0	0	
460990000000014     1630823724325825	1	0	0	0	0	0	0	0	0	0	
460990000000079     1630823724325109 0 0 1 0 0 0 0 0 0 0 
460990000000017     1630823724325291	1	0	0	0	0	0	0	0	0	0	
460990000000079     1630823724326470 0 0 0 1 0 0 0 0 0 0 
460990000000017     1630823724326690 0 1 0 0 0 0 0 0 0 0 
460990000000088     1630823724326926 0 1 0 0 0 0 0 0 0 0 
460990000000084     1630823724327000 0 0 0 1 0 0 0 0 0 0 
460990000000090     1630823724329325 0 0 0 1 0 0 0 0 0 0 
460990000000017     1630823724326833 0 0 1 0 0 0 0 0 0 0 
460990000000083     1630823724326134	1	0	0	0	0	0	0	0	0	0	
460990000000034     1630823724333008 0 0 1 0 0 0 0 0 0 0 
460990000000027     1630823724333172 0 0 0 1 0 0 0 0 0 0 
460990000000085     1630823724326953	1	0	0	0	0	0	0	0	0	0	
460990000000035     1630823724333406 0 1 0 0 0 0 0 0 0 0 
460990000000014     1630823724333429 0 1 0 0 0 0 0 0 0 0 
460990000000032     1630823724325906	1	0	0	0	0	0	0	0	0	0	
460990000000085     1630823724333442 0 1 0 0 0 0 0 0 0 0 
460990000000086     1630823724329031	1	0	0	0	0	0	0	0	0	0	
460990000000082     1630823724326422	1	0	0	0	0	0	0	0	0	0	
460990000000086     1630823724333653 0 1 0 0 0 0 0 0 0 0 
460990000000080     1630823724333177	1	0	0	0	0	0	0	0	0	0	
460990000000082     1630823724333714 0 1 0 0 0 0 0 0 0 0 
460990000000088     1630823724333297 0 0 1 0 0 0 0 0 0 0 
460990000000032     1630823724333749 0 1 0 0 0 0 0 0 0 0 
460990000000085     1630823724333856 0 0 1 0 0 0 0 0 0 0 
460990000000086     1630823724333793 0 0 1 0 0 0 0 0 0 0 
460990000000087     1630823724334032	1	0	0	0	0	0	0	0	0	0	
460990000000082     1630823724334028 0 0 1 0 0 0 0 0 0 0 
460990000000083     1630823724334088 0 1 0 0 0 0 0 0 0 0 
460990000000034     1630823724334124 0 0 0 1 0 0 0 0 0 0 
460990000000035     1630823724334128 0 0 1 0 0 0 0 0 0 0 
460990000000017     1630823724334360 0 0 0 1 0 0 0 0 0 0 
460990000000086     1630823724334553 0 0 0 1 0 0 0 0 0 0 
460990000000014     1630823724334540 0 0 1 0 0 0 0 0 0 0 
460990000000080     1630823724334736 0 1 0 0 0 0 0 0 0 0 
460990000000080     1630823724334907 0 0 1 0 0 0 0 0 0 0 
460990000000057     1630823724336141	1	0	0	0	0	0	0	0	0	0	
460990000000032     1630823724336215 0 0 1 0 0 0 0 0 0 0 
460990000000057     1630823724336297 0 1 0 0 0 0 0 0 0 0 
460990000000057     1630823724336446 0 0 1 0 0 0 0 0 0 0 
460990000000004     1630823724337150	1	0	0	0	0	0	0	0	0	0	
460990000000083     1630823724338653 0 0 1 0 0 0 0 0 0 0 
460990000000035     1630823724341418 0 0 0 1 0 0 0 0 0 0 
460990000000004     1630823724341790 0 1 0 0 0 0 0 0 0 0 
460990000000004     1630823724342391 0 0 1 0 0 0 0 0 0 0 
460990000000082     1630823724342473 0 0 0 1 0 0 0 0 0 0 
460990000000032     1630823724342610 0 0 0 1 0 0 0 0 0 0 
460990000000085     1630823724342638 0 0 0 1 0 0 0 0 0 0 
460990000000014     1630823724342758 0 0 0 1 0 0 0 0 0 0 
460990000000087     1630823724344842 0 1 0 0 0 0 0 0 0 0 
460990000000080     1630823724345531 0 0 0 1 0 0 0 0 0 0 
460990000000057     1630823724346208 0 0 0 1 0 0 0 0 0 0 
460990000000005     1630823724347093	1	0	0	0	0	0	0	0	0	0	
460990000000087     1630823724345512 0 0 1 0 0 0 0 0 0 0 
460990000000088     1630823724347466 0 0 0 1 0 0 0 0 0 0 
460990000000005     1630823724347779 0 1 0 0 0 0 0 0 0 0 
460990000000036     1630823724347867	1	0	0	0	0	0	0	0	0	0	
460990000000005     1630823724347952 0 0 1 0 0 0 0 0 0 0 
460990000000036     1630823724352405 0 1 0 0 0 0 0 0 0 0 
460990000000036     1630823724352657 0 0 1 0 0 0 0 0 0 0 
460990000000029     1630823724354265	1	0	0	0	0	0	0	0	0	0	
460990000000029     1630823724354386 0 1 0 0 0 0 0 0 0 0 
460990000000029     1630823724354637 0 0 1 0 0 0 0 0 0 0 
460990000000083     1630823724354860 0 0 0 1 0 0 0 0 0 0 
460990000000001     1630823724354917	1	0	0	0	0	0	0	0	0	0	
460990000000044     1630823724355379	1	0	0	0	0	0	0	0	0	0	
460990000000010     1630823724355751	1	0	0	0	0	0	0	0	0	0	
460990000000025     1630823724356565	1	0	0	0	0	0	0	0	0	0	
460990000000055     1630823724356780	1	0	0	0	0	0	0	0	0	0	
460990000000025     1630823724357371 0 1 0 0 0 0 0 0 0 0 
460990000000055     1630823724358613 0 1 0 0 0 0 0 0 0 0 
460990000000025     1630823724359994 0 0 1 0 0 0 0 0 0 0 
460990000000096     1630823724361218	1	0	0	0	0	0	0	0	0	0	
460990000000053     1630823724363013	1	0	0	0	0	0	0	0	0	0	
460990000000061     1630823724363783	1	0	0	0	0	0	0	0	0	0	
460990000000026     1630823724364343	1	0	0	0	0	0	0	0	0	0	
460990000000026     1630823724364410 0 1 0 0 0 0 0 0 0 0 
460990000000008     1630823724364056	1	0	0	0	0	0	0	0	0	0	
460990000000061     1630823724364588 0 1 0 0 0 0 0 0 0 0 
460990000000008     1630823724364663 0 1 0 0 0 0 0 0 0 0 
460990000000091     1630823724365361	1	0	0	0	0	0	0	0	0	0	
460990000000091     1630823724365464 0 1 0 0 0 0 0 0 0 0 
460990000000044     1630823724365660 0 1 0 0 0 0 0 0 0 0 
460990000000043     1630823724364610	1	0	0	0	0	0	0	0	0	0	
460990000000050     1630823724364724	1	0	0	0	0	0	0	0	0	0	
460990000000061     1630823724365154 0 0 1 0 0 0 0 0 0 0 
460990000000058     1630823724362059	1	0	0	0	0	0	0	0	0	0	
460990000000059     1630823724367458	1	0	0	0	0	0	0	0	0	0	
460990000000024     1630823724365901	1	0	0	0	0	0	0	0	0	0	
460990000000006     1630823724366062	1	0	0	0	0	0	0	0	0	0	
460990000000024     1630823724369619 0 1 0 0 0 0 0 0 0 0 
460990000000024     1630823724369893 0 0 1 0 0 0 0 0 0 0 
460990000000072     1630823724369204	1	0	0	0	0	0	0	0	0	0	
460990000000072     1630823724370528 0 1 0 0 0 0 0 0 0 0 
460990000000056     1630823724370558	1	0	0	0	0	0	0	0	0	0	
460990000000056     1630823724370626 0 1 0 0 0 0 0 0 0 0 
460990000000056     1630823724370696 0 0 1 0 0 0 0 0 0 0 
460990000000066     1630823724370830	1	0	0	0	0	0	0	0	0	0	
460990000000072     1630823724370989 0 0 1 0 0 0 0 0 0 0 
460990000000059     1630823724371290 0 1 0 0 0 0 0 0 0 0 
460990000000010     1630823724371484 0 1 0 0 0 0 0 0 0 0 
460990000000059     1630823724371497 0 0 1 0 0 0 0 0 0 0 
460990000000010     1630823724371602 0 0 1 0 0 0 0 0 0 0 
460990000000033     1630823724371642	1	0	0	0	0	0	0	0	0	0	
460990000000033     1630823724371712 0 1 0 0 0 0 0 0 0 0 
460990000000091     1630823724371832 0 0 1 0 0 0 0 0 0 0 
460990000000033     1630823724372075 0 0 1 0 0 0 0 0 0 0 
460990000000050     1630823724372127 0 1 0 0 0 0 0 0 0 0 
460990000000050     1630823724372248 0 0 1 0 0 0 0 0 0 0 
460990000000040     1630823724372762	1	0	0	0	0	0	0	0	0	0	
460990000000030     1630823724372791	1	0	0	0	0	0	0	0	0	0	
460990000000030     1630823724372856 0 1 0 0 0 0 0 0 0 0 
460990000000004     1630823724372836 0 0 0 1 0 0 0 0 0 0 
460990000000075     1630823724364521	1	0	0	0	0	0	0	0	0	0	
460990000000060     1630823724373195	1	0	0	0	0	0	0	0	0	0	
460990000000040     1630823724373576 0 1 0 0 0 0 0 0 0 0 
460990000000043     1630823724373711 0 1 0 0 0 0 0 0 0 0 
460990000000022     1630823724369098	1	0	0	0	0	0	0	0	0	0	
460990000000075     1630823724373974 0 1 0 0 0 0 0 0 0 0 
460990000000060     1630823724373988 0 1 0 0 0 0 0 0 0 0 
460990000000026     1630823724374221 0 0 1 0 0 0 0 0 0 0 
460990000000001     1630823724374276 0 1 0 0 0 0 0 0 0 0 
460990000000037     1630823724374369	1	0	0	0	0	0	0	0	0	0	
460990000000003     1630823724374542	1	0	0	0	0	0	0	0	0	0	
460990000000008     1630823724367014 0 0 1 0 0 0 0 0 0 0 
460990000000066     1630823724375012 0 1 0 0 0 0 0 0 0 0 
460990000000037     1630823724375286 0 1 0 0 0 0 0 0 0 0 
460990000000030     1630823724374858 0 0 1 0 0 0 0 0 0 0 
460990000000046     1630823724373733	1	0	0	0	0	0	0	0	0	0	
460990000000016     1630823724374334	1	0	0	0	0	0	0	0	0	0	
460990000000021     1630823724374675	1	0	0	0	0	0	0	0	0	0	
460990000000006     1630823724374666 0 1 0 0 0 0 0 0 0 0 
460990000000053     1630823724375658 0 1 0 0 0 0 0 0 0 0 
460990000000055     1630823724374994 0 0 1 0 0 0 0 0 0 0 
460990000000060     1630823724374071 0 0 1 0 0 0 0 0 0 0 
460990000000058     1630823724367668 0 1 0 0 0 0 0 0 0 0 
460990000000018     1630823724376145	1	0	0	0	0	0	0	0	0	0	
460990000000016     1630823724376284 0 1 0 0 0 0 0 0 0 0 
460990000000021     1630823724376561 0 1 0 0 0 0 0 0 0 0 
460990000000003     1630823724376637 0 1 0 0 0 0 0 0 0 0 
460990000000096     1630823724375235 0 1 0 0 0 0 0 0 0 0 
460990000000096     1630823724376752 0 0 1 0 0 0 0 0 0 0 
460990000000018     1630823724377136 0 1 0 0 0 0 0 0 0 0 
460990000000011     1630823724374764	1	0	0	0	0	0	0	0	0	0	
460990000000041     1630823724374160	1	0	0	0	0	0	0	0	0	0	
460990000000041     1630823724378196 0 1 0 0 0 0 0 0 0 0 
460990000000018     1630823724377216 0 0 1 0 0 0 0 0 0 0 
460990000000044     1630823724375669 0 0 1 0 0 0 0 0 0 0 
460990000000021     1630823724376664 0 0 1 0 0 0 0 0 0 0 
460990000000031     1630823724374916	1	0	0	0	0	0	0	0	0	0	
460990000000006     1630823724379605 0 0 1 0 0 0 0 0 0 0 
460990000000076     1630823724377195	1	0	0	0	0	0	0	0	0	0	
460990000000028     1630823724379393	1	0	0	0	0	0	0	0	0	0	
460990000000077     1630823724375431	1	0	0	0	0	0	0	0	0	0	
460990000000012     1630823724380459	1	0	0	0	0	0	0	0	0	0	
460990000000001     1630823724380482 0 0 1 0 0 0 0 0 0 0 
460990000000038     1630823724381097	1	0	0	0	0	0	0	0	0	0	
460990000000045     1630823724377213	1	0	0	0	0	0	0	0	0	0	
460990000000063     1630823724374117	1	0	0	0	0	0	0	0	0	0	
460990000000053     1630823724385037 0 0 1 0 0 0 0 0 0 0 
460990000000077     1630823724385059 0 1 0 0 0 0 0 0 0 0 
460990000000063     1630823724385164 0 1 0 0 0 0 0 0 0 0 
460990000000040     1630823724385275 0 0 1 0 0 0 0 0 0 0 
460990000000016     1630823724385267 0 0 1 0 0 0 0 0 0 0 
460990000000077     1630823724385289 0 0 1 0 0 0 0 0 0 0 
460990000000031     1630823724385378 0 1 0 0 0 0 0 0 0 0 
460990000000067     1630823724377366	1	0	0	0	0	0	0	0	0	0	
460990000000063     1630823724385246 0 0 1 0 0 0 0 0 0 0 
460990000000009     1630823724374794	1	0	0	0	0	0	0	0	0	0	
460990000000078     1630823724385771	1	0	0	0	0	0	0	0	0	0	
460990000000009     1630823724385949 0 1 0 0 0 0 0 0 0 0 
460990000000003     1630823724377403 0 0 1 0 0 0 0 0 0 0 
460990000000066     1630823724385972 0 0 1 0 0 0 0 0 0 0 
460990000000078     1630823724386059 0 1 0 0 0 0 0 0 0 0 
460990000000065     1630823724388408	1	0	0	0	0	0	0	0	0	0	
460990000000078     1630823724388492 0 0 1 0 0 0 0 0 0 0 
460990000000020     1630823724386067	1	0	0	0	0	0	0	0	0	0	
460990000000023     1630823724386236	1	0	0	0	0	0	0	0	0	0	
460990000000031     1630823724386238 0 0 1 0 0 0 0 0 0 0 
460990000000023     1630823724388847 0 1 0 0 0 0 0 0 0 0 
460990000000065     1630823724388940 0 1 0 0 0 0 0 0 0 0 
460990000000023     1630823724388931 0 0 1 0 0 0 0 0 0 0 
460990000000065     1630823724389056 0 0 1 0 0 0 0 0 0 0 
460990000000047     1630823724389635	1	0	0	0	0	0	0	0	0	0	
460990000000047     1630823724389751 0 1 0 0 0 0 0 0 0 0 
460990000000047     1630823724389853 0 0 1 0 0 0 0 0 0 0 
460990000000046     1630823724390267 0 1 0 0 0 0 0 0 0 0 
460990000000046     1630823724390371 0 0 1 0 0 0 0 0 0 0 
460990000000020     1630823724390571 0 1 0 0 0 0 0 0 0 0 
460990000000043     1630823724377397 0 0 1 0 0 0 0 0 0 0 
460990000000041     1630823724378277 0 0 1 0 0 0 0 0 0 0 
460990000000020     1630823724391570 0 0 1 0 0 0 0 0 0 0 
460990000000013     1630823724391998	1	0	0	0	0	0	0	0	0	0	
460990000000013     1630823724392326 0 1 0 0 0 0 0 0 0 0 
460990000000013     1630823724392423 0 0 1 0 0 0 0 0 0 0 
460990000000067     1630823724392620 0 1 0 0 0 0 0 0 0 0 
460990000000067     1630823724392821 0 0 1 0 0 0 0 0 0 0 
460990000000054     1630823724378774	1	0	0	0	0	0	0	0	0	0	
460990000000039     1630823724385019	1	0	0	0	0	0	0	0	0	0	
460990000000054     1630823724393997 0 1 0 0 0 0 0 0 0 0 
460990000000054     1630823724394143 0 0 1 0 0 0 0 0 0 0 
460990000000037     1630823724386263 0 0 1 0 0 0 0 0 0 0 
460990000000009     1630823724396642 0 0 1 0 0 0 0 0 0 0 
460990000000075     1630823724377615 0 0 1 0 0 0 0 0 0 0 
460990000000049     1630823724395819	1	0	0	0	0	0	0	0	0	0	
460990000000012     1630823724397715 0 1 0 0 0 0 0 0 0 0 
460990000000002     1630823724375275	1	0	0	0	0	0	0	0	0	0	
460990000000012     1630823724398297 0 0 1 0 0 0 0 0 0 0 
460990000000076     1630823724398657 0 1 0 0 0 0 0 0 0 0 
460990000000002     1630823724398767 0 1 0 0 0 0 0 0 0 0 
460990000000073     1630823724398893	1	0	0	0	0	0	0	0	0	0	
460990000000073     1630823724398983 0 1 0 0 0 0 0 0 0 0 
460990000000011     1630823724399086 0 1 0 0 0 0 0 0 0 0 
460990000000076     1630823724399149 0 0 1 0 0 0 0 0 0 0 
460990000000002     1630823724399215 0 0 1 0 0 0 0 0 0 0 
460990000000073     1630823724399279 0 0 1 0 0 0 0 0 0 0 
460990000000058     1630823724400128 0 0 1 0 0 0 0 0 0 0 
460990000000045     1630823724401544 0 1 0 0 0 0 0 0 0 0 
460990000000045     1630823724401660 0 0 1 0 0 0 0 0 0 0 
460990000000049     1630823724402345 0 1 0 0 0 0 0 0 0 0 
460990000000028     1630823724402835 0 1 0 0 0 0 0 0 0 0 
460990000000028     1630823724402953 0 0 1 0 0 0 0 0 0 0 
460990000000039     1630823724403010 0 1 0 0 0 0 0 0 0 0 
460990000000049     1630823724403850 0 0 1 0 0 0 0 0 0 0 
460990000000039     1630823724404202 0 0 1 0 0 0 0 0 0 0 
460990000000022     1630823724405372 0 1 0 0 0 0 0 0 0 0 
460990000000022     1630823724405460 0 0 1 0 0 0 0 0 0 0 
460990000000038     1630823724386861 0 1 0 0 0 0 0 0 0 0 
460990000000038     1630823724408195 0 0 1 0 0 0 0 0 0 0 
460990000000087     1630823724409124 0 0 0 1 0 0 0 0 0 0 
460990000000051     1630823724409815	1	0	0	0	0	0	0	0	0	0	
460990000000051     1630823724409945 0 1 0 0 0 0 0 0 0 0 
460990000000095     1630823724410358	1	0	0	0	0	0	0	0	0	0	
460990000000011     1630823724410668 0 0 1 0 0 0 0 0 0 0 
460990000000051     1630823724412843 0 0 1 0 0 0 0 0 0 0 
460990000000069     1630823724413053	1	0	0	0	0	0	0	0	0	0	
460990000000048     1630823724413187	1	0	0	0	0	0	0	0	0	0	
460990000000095     1630823724413221 0 1 0 0 0 0 0 0 0 0 
460990000000095     1630823724413386 0 0 1 0 0 0 0 0 0 0 
460990000000062     1630823724413414	1	0	0	0	0	0	0	0	0	0	
460990000000062     1630823724413502 0 1 0 0 0 0 0 0 0 0 
460990000000042     1630823724413517	1	0	0	0	0	0	0	0	0	0	
460990000000062     1630823724413624 0 0 1 0 0 0 0 0 0 0 
460990000000069     1630823724413649 0 1 0 0 0 0 0 0 0 0 
460990000000048     1630823724413684 0 1 0 0 0 0 0 0 0 0 
460990000000064     1630823724413709	1	0	0	0	0	0	0	0	0	0	
460990000000064     1630823724413851 0 1 0 0 0 0 0 0 0 0 
460990000000048     1630823724413841 0 0 1 0 0 0 0 0 0 0 
460990000000042     1630823724413924 0 1 0 0 0 0 0 0 0 0 
460990000000064     1630823724413925 0 0 1 0 0 0 0 0 0 0 
460990000000042     1630823724414003 0 0 1 0 0 0 0 0 0 0 
460990000000069     1630823724414090 0 0 1 0 0 0 0 0 0 0 
460990000000071     1630823724414572	1	0	0	0	0	0	0	0	0	0	
460990000000070     1630823724414598	1	0	0	0	0	0	0	0	0	0	
460990000000074     1630823724414690	1	0	0	0	0	0	0	0	0	0	
460990000000074     1630823724414902 0 1 0 0 0 0 0 0 0 0 
460990000000071     1630823724414748 0 1 0 0 0 0 0 0 0 0 
460990000000074     1630823724415072 0 0 1 0 0 0 0 0 0 0 
460990000000068     1630823724415047	1	0	0	0	0	0	0	0	0	0	
460990000000071     1630823724415600 0 0 1 0 0 0 0 0 0 0 
460990000000070     1630823724415688 0 1 0 0 0 0 0 0 0 0 
460990000000070     1630823724415860 0 0 1 0 0 0 0 0 0 0 
460990000000068     1630823724416973 0 1 0 0 0 0 0 0 0 0 
460990000000068     1630823724417119 0 0 1 0 0 0 0 0 0 0 
460990000000015     1630823724418914	1	0	0	0	0	0	0	0	0	0	
460990000000015     1630823724423900 0 1 0 0 0 0 0 0 0 0 
460990000000015     1630823724424176 0 0 1 0 0 0 0 0 0 0 
460990000000029     1630823724482022 0 0 0 1 0 0 0 0 0 0 
460990000000005     1630823724482099 0 0 0 1 0 0 0 0 0 0 
460990000000036     1630823724484821 0 0 0 1 0 0 0 0 0 0 
460990000000061     1630823724486303 0 0 0 1 0 0 0 0 0 0 
460990000000010     1630823724490709 0 0 0 1 0 0 0 0 0 0 
460990000000024     1630823724490719 0 0 0 1 0 0 0 0 0 0 
460990000000026     1630823724490797 0 0 0 1 0 0 0 0 0 0 
460990000000050     1630823724490947 0 0 0 1 0 0 0 0 0 0 
460990000000060     1630823724491067 0 0 0 1 0 0 0 0 0 0 
460990000000096     1630823724491080 0 0 0 1 0 0 0 0 0 0 
460990000000030     1630823724491108 0 0 0 1 0 0 0 0 0 0 
460990000000008     1630823724491131 0 0 0 1 0 0 0 0 0 0 
460990000000044     1630823724491227 0 0 0 1 0 0 0 0 0 0 
460990000000055     1630823724491222 0 0 0 1 0 0 0 0 0 0 
460990000000033     1630823724491290 0 0 0 1 0 0 0 0 0 0 
460990000000025     1630823724491314 0 0 0 1 0 0 0 0 0 0 
460990000000016     1630823724491414 0 0 0 1 0 0 0 0 0 0 
460990000000001     1630823724491565 0 0 0 1 0 0 0 0 0 0 
460990000000066     1630823724491597 0 0 0 1 0 0 0 0 0 0 
460990000000059     1630823724491644 0 0 0 1 0 0 0 0 0 0 
460990000000063     1630823724491657 0 0 0 1 0 0 0 0 0 0 
460990000000065     1630823724491729 0 0 0 1 0 0 0 0 0 0 
460990000000018     1630823724491880 0 0 0 1 0 0 0 0 0 0 
460990000000006     1630823724491910 0 0 0 1 0 0 0 0 0 0 
460990000000023     1630823724491937 0 0 0 1 0 0 0 0 0 0 
460990000000053     1630823724492103 0 0 0 1 0 0 0 0 0 0 
460990000000077     1630823724492093 0 0 0 1 0 0 0 0 0 0 
460990000000020     1630823724492176 0 0 0 1 0 0 0 0 0 0 
460990000000078     1630823724492193 0 0 0 1 0 0 0 0 0 0 
460990000000037     1630823724492214 0 0 0 1 0 0 0 0 0 0 
460990000000013     1630823724492316 0 0 0 1 0 0 0 0 0 0 
460990000000067     1630823724492375 0 0 0 1 0 0 0 0 0 0 
460990000000040     1630823724492327 0 0 0 1 0 0 0 0 0 0 
460990000000021     1630823724492477 0 0 0 1 0 0 0 0 0 0 
460990000000047     1630823724492560 0 0 0 1 0 0 0 0 0 0 
460990000000031     1630823724492740 0 0 0 1 0 0 0 0 0 0 
460990000000091     1630823724492861 0 0 0 1 0 0 0 0 0 0 
460990000000072     1630823724493069 0 0 0 1 0 0 0 0 0 0 
460990000000056     1630823724493233 0 0 0 1 0 0 0 0 0 0 
460990000000041     1630823724493782 0 0 0 1 0 0 0 0 0 0 
460990000000003     1630823724493923 0 0 0 1 0 0 0 0 0 0 
460990000000046     1630823724494367 0 0 0 1 0 0 0 0 0 0 
460990000000002     1630823724497405 0 0 0 1 0 0 0 0 0 0 
460990000000073     1630823724497435 0 0 0 1 0 0 0 0 0 0 
460990000000043     1630823724497539 0 0 0 1 0 0 0 0 0 0 
460990000000009     1630823724501712 0 0 0 1 0 0 0 0 0 0 
460990000000076     1630823724507312 0 0 0 1 0 0 0 0 0 0 
460990000000075     1630823724514857 0 0 0 1 0 0 0 0 0 0 
460990000000012     1630823724514756 0 0 0 1 0 0 0 0 0 0 
460990000000028     1630823724519161 0 0 0 1 0 0 0 0 0 0 
460990000000058     1630823724519219 0 0 0 1 0 0 0 0 0 0 
460990000000049     1630823724527725 0 0 0 1 0 0 0 0 0 0 
460990000000038     1630823724539998 0 0 0 1 0 0 0 0 0 0 
460990000000022     1630823724540059 0 0 0 1 0 0 0 0 0 0 
460990000000011     1630823724540096 0 0 0 1 0 0 0 0 0 0 
460990000000039     1630823724540150 0 0 0 1 0 0 0 0 0 0 
460990000000054     1630823724540147 0 0 0 1 0 0 0 0 0 0 
460990000000045     1630823724540325 0 0 0 1 0 0 0 0 0 0 
460990000000051     1630823724544209 0 0 0 1 0 0 0 0 0 0 
460990000000100     1630823724544269 0 0 0 0 1 0 0 0 0 0 
460990000000095     1630823724544332 0 0 0 1 0 0 0 0 0 0 
460990000000098     1630823724544311 0 0 0 0 1 0 0 0 0 0 
460990000000068     1630823724544517 0 0 0 1 0 0 0 0 0 0 
460990000000042     1630823724544307 0 0 0 1 0 0 0 0 0 0 
460990000000062     1630823724544223 0 0 0 1 0 0 0 0 0 0 
460990000000064     1630823724544481 0 0 0 1 0 0 0 0 0 0 
460990000000048     1630823724544767 0 0 0 1 0 0 0 0 0 0 
460990000000069     1630823724544967 0 0 0 1 0 0 0 0 0 0 
460990000000070     1630823724545007 0 0 0 1 0 0 0 0 0 0 
460990000000074     1630823724545176 0 0 0 1 0 0 0 0 0 0 
460990000000071     1630823724545349 0 0 0 1 0 0 0 0 0 0 
460990000000015     1630823724545591 0 0 0 1 0 0 0 0 0 0 
460990000000099     1630823724556703 0 0 0 0 1 0 0 0 0 0 
460990000000097     1630823724568006 0 0 0 0 1 0 0 0 0 0 
460990000000093     1630823724628812 0 0 0 0 1 0 0 0 0 0 
460990000000092     1630823724669106 0 0 0 0 1 0 0 0 0 0 
460990000000094     1630823724699669 0 0 0 0 1 0 0 0 0 0 
460990000000081     1630823724726634 0 0 0 0 1 0 0 0 0 0 
460990000000089     1630823724738619 0 0 0 0 1 0 0 0 0 0 
460990000000079     1630823724764475 0 0 0 0 1 0 0 0 0 0 
460990000000084     1630823724789787 0 0 0 0 1 0 0 0 0 0 
460990000000090     1630823724833575 0 0 0 0 1 0 0 0 0 0 
460990000000027     1630823724889239 0 0 0 0 1 0 0 0 0 0 
460990000000017     1630823724890396 0 0 0 0 1 0 0 0 0 0 
460990000000088     1630823724993670 0 0 0 0 1 0 0 0 0 0 
460990000000086     1630823725001220 0 0 0 0 1 0 0 0 0 0 
460990000000034     1630823725023829 0 0 0 0 1 0 0 0 0 0 
460990000000085     1630823725096946 0 0 0 0 1 0 0 0 0 0 
460990000000082     1630823725114910 0 0 0 0 1 0 0 0 0 0 
460990000000032     1630823725119745 0 0 0 0 1 0 0 0 0 0 
460990000000057     1630823725166757 0 0 0 0 1 0 0 0 0 0 
460990000000080     1630823725190027 0 0 0 0 1 0 0 0 0 0 
460990000000014     1630823725218893 0 0 0 0 1 0 0 0 0 0 
460990000000035     1630823725272389 0 0 0 0 1 0 0 0 0 0 
460990000000083     1630823725330688 0 0 0 0 1 0 0 0 0 0 
460990000000004     1630823725331595 0 0 0 0 1 0 0 0 0 0 
460990000000036     1630823725384165 0 0 0 0 1 0 0 0 0 0 
460990000000005     1630823725387423 0 0 0 0 1 0 0 0 0 0 
460990000000087     1630823725389422 0 0 0 0 1 0 0 0 0 0 
460990000000061     1630823725484340 0 0 0 0 1 0 0 0 0 0 
460990000000026     1630823725531574 0 0 0 0 1 0 0 0 0 0 
460990000000010     1630823725533895 0 0 0 0 1 0 0 0 0 0 
460990000000050     1630823725534606 0 0 0 0 1 0 0 0 0 0 
460990000000024     1630823725684556 0 0 0 0 1 0 0 0 0 0 
460990000000030     1630823725747528 0 0 0 0 1 0 0 0 0 0 
460990000000060     1630823725750708 0 0 0 0 1 0 0 0 0 0 
460990000000096     1630823725753597 0 0 0 0 1 0 0 0 0 0 
460990000000008     1630823725787800 0 0 0 0 1 0 0 0 0 0 
460990000000025     1630823725828152 0 0 0 0 1 0 0 0 0 0 
460990000000055     1630823725923587 0 0 0 0 1 0 0 0 0 0 
460990000000044     1630823725946743 0 0 0 0 1 0 0 0 0 0 
460990000000001     1630823725988677 0 0 0 0 1 0 0 0 0 0 
460990000000016     1630823725996569 0 0 0 0 1 0 0 0 0 0 
460990000000063     1630823726000407 0 0 0 0 1 0 0 0 0 0 
460990000000066     1630823726073920 0 0 0 0 1 0 0 0 0 0 
460990000000033     1630823726078066 0 0 0 0 1 0 0 0 0 0 
460990000000059     1630823726141944 0 0 0 0 1 0 0 0 0 0 
460990000000065     1630823726170605 0 0 0 0 1 0 0 0 0 0 
460990000000018     1630823726180693 0 0 0 0 1 0 0 0 0 0 
460990000000006     1630823726227009 0 0 0 0 1 0 0 0 0 0 
460990000000023     1630823726281612 0 0 0 0 1 0 0 0 0 0 
460990000000077     1630823726332757 0 0 0 0 1 0 0 0 0 0 
460990000000067     1630823726359963 0 0 0 0 1 0 0 0 0 0 
460990000000053     1630823726395794 0 0 0 0 1 0 0 0 0 0 
460990000000078     1630823726419239 0 0 0 0 1 0 0 0 0 0 
460990000000020     1630823726421674 0 0 0 0 1 0 0 0 0 0 
460990000000040     1630823726452930 0 0 0 0 1 0 0 0 0 0 
460990000000037     1630823726536547 0 0 0 0 1 0 0 0 0 0 
460990000000021     1630823726552251 0 0 0 0 1 0 0 0 0 0 
460990000000047     1630823726586197 0 0 0 0 1 0 0 0 0 0 
460990000000031     1630823726593937 0 0 0 0 1 0 0 0 0 0 
460990000000013     1630823726712604 0 0 0 0 1 0 0 0 0 0 
460990000000091     1630823726779619 0 0 0 0 1 0 0 0 0 0 
460990000000056     1630823726827396 0 0 0 0 1 0 0 0 0 0 
460990000000072     1630823726834869 0 0 0 0 1 0 0 0 0 0 
460990000000007     1630823726835173	1	0	0	0	0	0	0	0	0	0	
460990000000019     1630823726835210	1	0	0	0	0	0	0	0	0	0	
460990000000019     1630823726835413 0 1 0 0 0 0 0 0 0 0 
460990000000007     1630823726835564 0 1 0 0 0 0 0 0 0 0 
460990000000019     1630823726835569 0 0 1 0 0 0 0 0 0 0 
460990000000007     1630823726835687 0 0 1 0 0 0 0 0 0 0 
460990000000007     1630823726836128 0 0 0 1 0 0 0 0 0 0 
460990000000019     1630823726836302 0 0 0 1 0 0 0 0 0 0 
460990000000041     1630823726873185 0 0 0 0 1 0 0 0 0 0 
460990000000052     1630823726901127	1	0	0	0	0	0	0	0	0	0	
460990000000052     1630823726901281 0 1 0 0 0 0 0 0 0 0 
460990000000052     1630823726901419 0 0 1 0 0 0 0 0 0 0 
460990000000052     1630823726901890 0 0 0 1 0 0 0 0 0 0 
460990000000003     1630823726908060 0 0 0 0 1 0 0 0 0 0 
460990000000046     1630823726979482 0 0 0 0 1 0 0 0 0 0 
460990000000002     1630823727007329 0 0 0 0 1 0 0 0 0 0 
460990000000009     1630823727045298 0 0 0 0 1 0 0 0 0 0 
460990000000043     1630823727049909 0 0 0 0 1 0 0 0 0 0 
460990000000076     1630823727072149 0 0 0 0 1 0 0 0 0 0 
460990000000012     1630823727139350 0 0 0 0 1 0 0 0 0 0 
460990000000073     1630823727184935 0 0 0 0 1 0 0 0 0 0 
460990000000075     1630823727249957 0 0 0 0 1 0 0 0 0 0 
460990000000058     1630823727312710 0 0 0 0 1 0 0 0 0 0 
460990000000028     1630823727330287 0 0 0 0 1 0 0 0 0 0 
460990000000049     1630823727339228 0 0 0 0 1 0 0 0 0 0 
460990000000022     1630823727397221 0 0 0 0 1 0 0 0 0 0 
460990000000038     1630823727412369 0 0 0 0 1 0 0 0 0 0 
460990000000011     1630823727481453 0 0 0 0 1 0 0 0 0 0 
460990000000054     1630823727494251 0 0 0 0 1 0 0 0 0 0 
460990000000045     1630823727587891 0 0 0 0 1 0 0 0 0 0 
460990000000039     1630823727599330 0 0 0 0 1 0 0 0 0 0 
460990000000042     1630823727672957 0 0 0 0 1 0 0 0 0 0 
460990000000051     1630823727722114 0 0 0 0 1 0 0 0 0 0 
460990000000062     1630823727723200 0 0 0 0 1 0 0 0 0 0 
460990000000048     1630823727787039 0 0 0 0 1 0 0 0 0 0 
460990000000064     1630823727820696 0 0 0 0 1 0 0 0 0 0 
460990000000068     1630823727829396 0 0 0 0 1 0 0 0 0 0 
460990000000095     1630823727852661 0 0 0 0 1 0 0 0 0 0 
460990000000070     1630823727938982 0 0 0 0 1 0 0 0 0 0 
460990000000069     1630823727959078 0 0 0 0 1 0 0 0 0 0 
460990000000100     1630823728021368 0 0 0 0 0 1 0 0 0 0 
460990000000098     1630823728040191 0 0 0 0 0 1 0 0 0 0 
460990000000074     1630823728067804 0 0 0 0 1 0 0 0 0 0 
460990000000015     1630823728099923 0 0 0 0 1 0 0 0 0 0 
460990000000071     1630823728113539 0 0 0 0 1 0 0 0 0 0 
460990000000092     1630823728266213 0 0 0 0 0 1 0 0 0 0 
460990000000097     1630823728276282 0 0 0 0 0 1 0 0 0 0 
460990000000093     1630823728290286 0 0 0 0 0 1 0 0 0 0 
460990000000089     1630823728495813 0 0 0 0 0 1 0 0 0 0 
460990000000079     1630823728550673 0 0 0 0 0 1 0 0 0 0 
460990000000027     1630823728677974 0 0 0 0 0 1 0 0 0 0 
460990000000099     1630823728769920 0 0 0 0 0 1 0 0 0 0 
460990000000017     1630823728790227 0 0 0 0 0 1 0 0 0 0 
460990000000081     1630823728792161 0 0 0 0 0 1 0 0 0 0 
460990000000034     1630823728897088 0 0 0 0 0 1 0 0 0 0 
460990000000090     1630823729018659 0 0 0 0 0 1 0 0 0 0 
460990000000085     1630823729032335 0 0 0 0 0 1 0 0 0 0 
460990000000057     1630823729120835 0 0 0 0 0 1 0 0 0 0 
460990000000086     1630823729225242 0 0 0 0 0 1 0 0 0 0 
460990000000080     1630823729247692 0 0 0 0 0 1 0 0 0 0 
460990000000083     1630823729326403 0 0 0 0 0 1 0 0 0 0 
460990000000094     1630823729332483 0 0 0 0 0 1 0 0 0 0 
460990000000032     1630823729447914 0 0 0 0 0 1 0 0 0 0 
460990000000004     1630823729503716 0 0 0 0 0 1 0 0 0 0 
460990000000087     1630823729585517 0 0 0 0 0 1 0 0 0 0 
460990000000061     1630823729701500 0 0 0 0 0 1 0 0 0 0 
460990000000050     1630823729803079 0 0 0 0 0 1 0 0 0 0 
460990000000084     1630823729901850 0 0 0 0 0 1 0 0 0 0 
460990000000024     1630823729907731 0 0 0 0 0 1 0 0 0 0 
460990000000035     1630823729945353 0 0 0 0 0 1 0 0 0 0 
460990000000005     1630823730161888 0 0 0 0 0 1 0 0 0 0 
460990000000096     1630823730174799 0 0 0 0 0 1 0 0 0 0 
460990000000008     1630823730183838 0 0 0 0 0 1 0 0 0 0 
460990000000010     1630823730375030 0 0 0 0 0 1 0 0 0 0 
460990000000088     1630823730420107 0 0 0 0 0 1 0 0 0 0 
460990000000044     1630823730596879 0 0 0 0 0 1 0 0 0 0 
460990000000060     1630823730599591 0 0 0 0 0 1 0 0 0 0 
460990000000001     1630823730657746 0 0 0 0 0 1 0 0 0 0 
460990000000066     1630823730805264 0 0 0 0 0 1 0 0 0 0 
460990000000033     1630823730887443 0 0 0 0 0 1 0 0 0 0 
460990000000018     1630823731023335 0 0 0 0 0 1 0 0 0 0 
460990000000006     1630823731113544 0 0 0 0 0 1 0 0 0 0 
460990000000055     1630823731145383 0 0 0 0 0 1 0 0 0 0 
460990000000067     1630823731233967 0 0 0 0 0 1 0 0 0 0 
460990000000082     1630823731327416 0 0 0 0 0 1 0 0 0 0 
460990000000063     1630823731367925 0 0 0 0 0 1 0 0 0 0 
460990000000053     1630823731383585 0 0 0 0 0 1 0 0 0 0 
460990000000065     1630823731564508 0 0 0 0 0 1 0 0 0 0 
460990000000040     1630823731628394 0 0 0 0 0 1 0 0 0 0 
460990000000037     1630823731693480 0 0 0 0 0 1 0 0 0 0 
460990000000014     1630823731805742 0 0 0 0 0 1 0 0 0 0 
460990000000031     1630823731837835 0 0 0 0 0 1 0 0 0 0 
460990000000013     1630823731915486 0 0 0 0 0 1 0 0 0 0 
460990000000007     1630823731989679 0 0 0 0 1 0 0 0 0 0 
460990000000077     1630823732007763 0 0 0 0 0 1 0 0 0 0 
460990000000072     1630823732047656 0 0 0 0 0 1 0 0 0 0 
460990000000052     1630823732111808 0 0 0 0 1 0 0 0 0 0 
460990000000003     1630823732288172 0 0 0 0 0 1 0 0 0 0 
460990000000020     1630823732327083 0 0 0 0 0 1 0 0 0 0 
460990000000036     1630823732439813 0 0 0 0 0 1 0 0 0 0 
460990000000047     1630823732539609 0 0 0 0 0 1 0 0 0 0 
460990000000009     1630823732709379 0 0 0 0 0 1 0 0 0 0 
460990000000043     1630823732727207 0 0 0 0 0 1 0 0 0 0 
460990000000056     1630823732770970 0 0 0 0 0 1 0 0 0 0 
460990000000073     1630823732934053 0 0 0 0 0 1 0 0 0 0 
460990000000075     1630823732972948 0 0 0 0 0 1 0 0 0 0 
460990000000049     1630823733140488 0 0 0 0 0 1 0 0 0 0 
460990000000041     1630823733197508 0 0 0 0 0 1 0 0 0 0 
460990000000022     1630823733217839 0 0 0 0 0 1 0 0 0 0 
460990000000054     1630823733348334 0 0 0 0 0 1 0 0 0 0 
460990000000045     1630823733441519 0 0 0 0 0 1 0 0 0 0 
460990000000002     1630823733533354 0 0 0 0 0 1 0 0 0 0 
460990000000030     1630823733665848 0 0 0 0 0 1 0 0 0 0 
460990000000051     1630823733674652 0 0 0 0 0 1 0 0 0 0 
460990000000012     1630823733731861 0 0 0 0 0 1 0 0 0 0 
460990000000062     1630823733740801 0 0 0 0 0 1 0 0 0 0 
460990000000068     1630823733879179 0 0 0 0 0 1 0 0 0 0 
460990000000095     1630823734001995 0 0 0 0 0 1 0 0 0 0 
460990000000100     1630823734091276 0 0 0 0 0 0 1 0 0 0 
460990000000100     1630823734091512 0 0 0 0 0 0 0 1 0 0 
460990000000028     1630823734159356 0 0 0 0 0 1 0 0 0 0 
460990000000098     1630823734244635 0 0 0 0 0 0 1 0 0 0 
460990000000098     1630823734244941 0 0 0 0 0 0 0 1 0 0 
460990000000071     1630823734266592 0 0 0 0 0 1 0 0 0 0 
460990000000011     1630823734347861 0 0 0 0 0 1 0 0 0 0 
460990000000092     1630823734482742 0 0 0 0 0 0 1 0 0 0 
460990000000092     1630823734483109 0 0 0 0 0 0 0 1 0 0 
460990000000025     1630823734512868 0 0 0 0 0 1 0 0 0 0 
460990000000042     1630823734566078 0 0 0 0 0 1 0 0 0 0 
460990000000089     1630823734705249 0 0 0 0 0 0 1 0 0 0 
460990000000089     1630823734705444 0 0 0 0 0 0 0 1 0 0 
460990000000016     1630823734763856 0 0 0 0 0 1 0 0 0 0 
460990000000064     1630823734767513 0 0 0 0 0 1 0 0 0 0 
460990000000079     1630823734830690 0 0 0 0 0 0 1 0 0 0 
460990000000079     1630823734830924 0 0 0 0 0 0 0 1 0 0 
460990000000017     1630823734929286 0 0 0 0 0 0 1 0 0 0 
460990000000017     1630823734929481 0 0 0 0 0 0 0 1 0 0 
460990000000081     1630823735056847 0 0 0 0 0 0 1 0 0 0 
460990000000081     1630823735057093 0 0 0 0 0 0 0 1 0 0 
460990000000085     1630823735132547 0 0 0 0 0 0 1 0 0 0 
460990000000085     1630823735132747 0 0 0 0 0 0 0 1 0 0 
460990000000069     1630823735291746 0 0 0 0 0 1 0 0 0 0 
460990000000057     1630823735297119 0 0 0 0 0 0 1 0 0 0 
460990000000057     1630823735297371 0 0 0 0 0 0 0 1 0 0 
460990000000083     1630823735352489 0 0 0 0 0 0 1 0 0 0 
460990000000083     1630823735352693 0 0 0 0 0 0 0 1 0 0 
460990000000015     1630823735485533 0 0 0 0 0 1 0 0 0 0 
460990000000094     1630823735552805 0 0 0 0 0 0 1 0 0 0 
460990000000094     1630823735553034 0 0 0 0 0 0 0 1 0 0 
460990000000059     1630823735649541 0 0 0 0 0 1 0 0 0 0 
460990000000093     1630823735736730 0 0 0 0 0 0 1 0 0 0 
460990000000093     1630823735736951 0 0 0 0 0 0 0 1 0 0 
460990000000087     1630823735768186 0 0 0 0 0 0 1 0 0 0 
460990000000087     1630823735768379 0 0 0 0 0 0 0 1 0 0 
460990000000061     1630823735834646 0 0 0 0 0 0 1 0 0 0 
460990000000061     1630823735834834 0 0 0 0 0 0 0 1 0 0 
460990000000099     1630823735934663 0 0 0 0 0 0 1 0 0 0 
460990000000099     1630823735934895 0 0 0 0 0 0 0 1 0 0 
460990000000024     1630823735970669 0 0 0 0 0 0 1 0 0 0 
460990000000024     1630823735970918 0 0 0 0 0 0 0 1 0 0 
460990000000035     1630823736069418 0 0 0 0 0 0 1 0 0 0 
460990000000035     1630823736069619 0 0 0 0 0 0 0 1 0 0 
460990000000008     1630823736192567 0 0 0 0 0 0 1 0 0 0 
460990000000008     1630823736192879 0 0 0 0 0 0 0 1 0 0 
460990000000010     1630823736300128 0 0 0 0 0 0 1 0 0 0 
460990000000010     1630823736300316 0 0 0 0 0 0 0 1 0 0 
460990000000060     1630823736386233 0 0 0 0 0 0 1 0 0 0 
460990000000060     1630823736386436 0 0 0 0 0 0 0 1 0 0 
460990000000090     1630823736466969 0 0 0 0 0 0 1 0 0 0 
460990000000090     1630823736467177 0 0 0 0 0 0 0 1 0 0 
460990000000023     1630823736509435 0 0 0 0 0 1 0 0 0 0 
460990000000001     1630823736562797 0 0 0 0 0 0 1 0 0 0 
460990000000001     1630823736563137 0 0 0 0 0 0 0 1 0 0 
460990000000080     1630823736689222 0 0 0 0 0 0 1 0 0 0 
460990000000080     1630823736689413 0 0 0 0 0 0 0 1 0 0 
460990000000078     1630823736769071 0 0 0 0 0 1 0 0 0 0 
460990000000018     1630823736769065 0 0 0 0 0 0 1 0 0 0 
460990000000018     1630823736769346 0 0 0 0 0 0 0 1 0 0 
460990000000006     1630823736870003 0 0 0 0 0 0 1 0 0 0 
460990000000006     1630823736870223 0 0 0 0 0 0 0 1 0 0 
460990000000004     1630823736905482 0 0 0 0 0 0 1 0 0 0 
460990000000004     1630823736905690 0 0 0 0 0 0 0 1 0 0 
460990000000082     1630823736993487 0 0 0 0 0 0 1 0 0 0 
460990000000082     1630823736993711 0 0 0 0 0 0 0 1 0 0 
460990000000084     1630823737102976 0 0 0 0 0 0 1 0 0 0 
460990000000084     1630823737103183 0 0 0 0 0 0 0 1 0 0 
460990000000063     1630823737105594 0 0 0 0 0 0 1 0 0 0 
460990000000063     1630823737105745 0 0 0 0 0 0 0 1 0 0 
460990000000040     1630823737203295 0 0 0 0 0 0 1 0 0 0 
460990000000040     1630823737203632 0 0 0 0 0 0 0 1 0 0 
460990000000037     1630823737350972 0 0 0 0 0 0 1 0 0 0 
460990000000037     1630823737351271 0 0 0 0 0 0 0 1 0 0 
460990000000013     1630823737398750 0 0 0 0 0 0 1 0 0 0 
460990000000013     1630823737399033 0 0 0 0 0 0 0 1 0 0 
460990000000007     1630823737576294 0 0 0 0 0 1 0 0 0 0 
460990000000021     1630823737608203 0 0 0 0 0 1 0 0 0 0 
460990000000096     1630823737624444 0 0 0 0 0 0 1 0 0 0 
460990000000096     1630823737624609 0 0 0 0 0 0 0 1 0 0 
460990000000052     1630823737745376 0 0 0 0 0 1 0 0 0 0 
460990000000044     1630823737874822 0 0 0 0 0 0 1 0 0 0 
460990000000044     1630823737875011 0 0 0 0 0 0 0 1 0 0 
460990000000003     1630823737875496 0 0 0 0 0 0 1 0 0 0 
460990000000003     1630823737875720 0 0 0 0 0 0 0 1 0 0 
460990000000047     1630823737943885 0 0 0 0 0 0 1 0 0 0 
460990000000047     1630823737944125 0 0 0 0 0 0 0 1 0 0 
460990000000033     1630823738063745 0 0 0 0 0 0 1 0 0 0 
460990000000033     1630823738063975 0 0 0 0 0 0 0 1 0 0 
460990000000009     1630823738100148 0 0 0 0 0 0 1 0 0 0 
460990000000009     1630823738100343 0 0 0 0 0 0 0 1 0 0 
460990000000073     1630823738154637 0 0 0 0 0 0 1 0 0 0 
460990000000073     1630823738155073 0 0 0 0 0 0 0 1 0 0 
460990000000075     1630823738315340 0 0 0 0 0 0 1 0 0 0 
460990000000075     1630823738315573 0 0 0 0 0 0 0 1 0 0 
460990000000022     1630823738358896 0 0 0 0 0 0 1 0 0 0 
460990000000022     1630823738359136 0 0 0 0 0 0 0 1 0 0 
460990000000091     1630823738471143 0 0 0 0 0 1 0 0 0 0 
460990000000054     1630823738541106 0 0 0 0 0 0 1 0 0 0 
460990000000054     1630823738541291 0 0 0 0 0 0 0 1 0 0 
460990000000019     1630823738549170 0 0 0 0 1 0 0 0 0 0 
460990000000067     1630823738601844 0 0 0 0 0 0 1 0 0 0 
460990000000067     1630823738602041 0 0 0 0 0 0 0 1 0 0 
460990000000046     1630823738713498 0 0 0 0 0 1 0 0 0 0 
460990000000065     1630823738783338 0 0 0 0 0 0 1 0 0 0 
460990000000065     1630823738783673 0 0 0 0 0 0 0 1 0 0 
460990000000030     1630823738803319 0 0 0 0 0 0 1 0 0 0 
460990000000030     1630823738803529 0 0 0 0 0 0 0 1 0 0 
460990000000051     1630823738889644 0 0 0 0 0 0 1 0 0 0 
460990000000051     1630823738889912 0 0 0 0 0 0 0 1 0 0 
460990000000031     1630823738987973 0 0 0 0 0 0 1 0 0 0 
460990000000031     1630823738988188 0 0 0 0 0 0 0 1 0 0 
460990000000068     1630823738997861 0 0 0 0 0 0 1 0 0 0 
460990000000068     1630823738998048 0 0 0 0 0 0 0 1 0 0 
460990000000095     1630823739091230 0 0 0 0 0 0 1 0 0 0 
460990000000095     1630823739091459 0 0 0 0 0 0 0 1 0 0 
460990000000072     1630823739220438 0 0 0 0 0 0 1 0 0 0 
460990000000072     1630823739220674 0 0 0 0 0 0 0 1 0 0 
460990000000028     1630823739318856 0 0 0 0 0 0 1 0 0 0 
460990000000028     1630823739319049 0 0 0 0 0 0 0 1 0 0 
460990000000071     1630823739544217 0 0 0 0 0 0 1 0 0 0 
460990000000071     1630823739544398 0 0 0 0 0 0 0 1 0 0 
460990000000076     1630823739567709 0 0 0 0 0 1 0 0 0 0 
460990000000036     1630823739649966 0 0 0 0 0 0 1 0 0 0 
460990000000036     1630823739650174 0 0 0 0 0 0 0 1 0 0 
460990000000058     1630823739773038 0 0 0 0 0 1 0 0 0 0 
460990000000056     1630823739823340 0 0 0 0 0 0 1 0 0 0 
460990000000056     1630823739823561 0 0 0 0 0 0 0 1 0 0 
460990000000041     1630823740009902 0 0 0 0 0 0 1 0 0 0 
460990000000041     1630823740010119 0 0 0 0 0 0 0 1 0 0 
460990000000002     1630823740196154 0 0 0 0 0 0 1 0 0 0 
460990000000002     1630823740196344 0 0 0 0 0 0 0 1 0 0 
460990000000062     1630823740397908 0 0 0 0 0 0 1 0 0 0 
460990000000062     1630823740398097 0 0 0 0 0 0 0 1 0 0 
460990000000100     1630823740453043 0 0 0 0 0 0 0 0 0 1 
460990000000038     1630823740536828 0 0 0 0 0 1 0 0 0 0 
460990000000098     1630823740642344 0 0 0 0 0 0 0 0 0 1 
460990000000039     1630823740719203 0 0 0 0 0 1 0 0 0 0 
460990000000092     1630823740775013 0 0 0 0 0 0 0 0 1 0 
460990000000089     1630823741018427 0 0 0 0 0 0 0 0 1 0 
460990000000042     1630823741222089 0 0 0 0 0 0 1 0 0 0 
460990000000042     1630823741222307 0 0 0 0 0 0 0 1 0 0 
460990000000048     1630823741438958 0 0 0 0 0 1 0 0 0 0 
460990000000070     1630823741636984 0 0 0 0 0 1 0 0 0 0 
460990000000064     1630823741979072 0 0 0 0 0 0 1 0 0 0 
460990000000064     1630823741979266 0 0 0 0 0 0 0 1 0 0 
460990000000016     1630823741986770 0 0 0 0 0 0 1 0 0 0 
460990000000016     1630823741986936 0 0 0 0 0 0 0 1 0 0 
460990000000092     1630823742024461 0 0 0 0 0 0 0 0 0 1 
460990000000017     1630823742174563 0 0 0 0 0 0 0 0 1 0 
460990000000074     1630823742514888 0 0 0 0 0 1 0 0 0 0 
460990000000097     1630823742695322 0 0 0 0 0 0 1 0 0 0 
460990000000097     1630823742695515 0 0 0 0 0 0 0 1 0 0 
460990000000081     1630823742768563 0 0 0 0 0 0 0 0 1 0 
460990000000085     1630823742836995 0 0 0 0 0 0 0 0 1 0 
460990000000057     1630823743038243 0 0 0 0 0 0 0 0 1 0 
460990000000069     1630823743242447 0 0 0 0 0 0 1 0 0 0 
460990000000069     1630823743242685 0 0 0 0 0 0 0 1 0 0 
460990000000015     1630823743330567 0 0 0 0 0 0 1 0 0 0 
460990000000015     1630823743330815 0 0 0 0 0 0 0 1 0 0 
460990000000027     1630823743541313 0 0 0 0 0 0 1 0 0 0 
460990000000027     1630823743541592 0 0 0 0 0 0 0 1 0 0 
460990000000079     1630823743630618 0 0 0 0 0 0 0 0 0 1 
460990000000034     1630823743736686 0 0 0 0 0 0 1 0 0 0 
460990000000034     1630823743736856 0 0 0 0 0 0 0 1 0 0 
460990000000081     1630823744140223 0 0 0 0 0 0 0 0 0 1 
460990000000085     1630823744236312 0 0 0 0 0 0 0 0 0 1 
460990000000057     1630823744420545 0 0 0 0 0 0 0 0 0 1 
460990000000086     1630823744473261 0 0 0 0 0 0 1 0 0 0 
460990000000086     1630823744473566 0 0 0 0 0 0 0 1 0 0 
460990000000083     1630823744499618 0 0 0 0 0 0 0 0 0 1 
460990000000059     1630823744556343 0 0 0 0 0 0 1 0 0 0 
460990000000059     1630823744556672 0 0 0 0 0 0 0 1 0 0 
460990000000032     1630823744681973 0 0 0 0 0 0 1 0 0 0 
460990000000032     1630823744682165 0 0 0 0 0 0 0 1 0 0 
460990000000050     1630823745410264 0 0 0 0 0 0 1 0 0 0 
460990000000050     1630823745410465 0 0 0 0 0 0 0 1 0 0 
460990000000094     1630823745575244 0 0 0 0 0 0 0 0 0 1 
460990000000005     1630823745635129 0 0 0 0 0 0 1 0 0 0 
460990000000005     1630823745635334 0 0 0 0 0 0 0 1 0 0 
460990000000087     1630823745717531 0 0 0 0 0 0 0 0 1 0 
460990000000061     1630823745728114 0 0 0 0 0 0 0 0 1 0 
460990000000099     1630823745929955 0 0 0 0 0 0 0 0 1 0 
460990000000035     1630823746134120 0 0 0 0 0 0 0 0 1 0 
460990000000088     1630823746502637 0 0 0 0 0 0 1 0 0 0 
460990000000088     1630823746502841 0 0 0 0 0 0 0 1 0 0 
460990000000066     1630823746688770 0 0 0 0 0 0 1 0 0 0 
460990000000066     1630823746688993 0 0 0 0 0 0 0 1 0 0 
460990000000093     1630823746995747 0 0 0 0 0 0 0 0 0 1 
460990000000061     1630823747185320 0 0 0 0 0 0 0 0 0 1 
460990000000099     1630823747263643 0 0 0 0 0 0 0 0 0 1 
460990000000055     1630823747408750 0 0 0 0 0 0 1 0 0 0 
460990000000055     1630823747408966 0 0 0 0 0 0 0 1 0 0 
460990000000053     1630823747611204 0 0 0 0 0 0 1 0 0 0 
460990000000053     1630823747611500 0 0 0 0 0 0 0 1 0 0 
460990000000024     1630823747804779 0 0 0 0 0 0 0 0 0 1 
460990000000008     1630823747804786 0 0 0 0 0 0 0 0 1 0 
460990000000010     1630823747804818 0 0 0 0 0 0 0 0 1 0 
460990000000090     1630823748002705 0 0 0 0 0 0 0 0 1 0 
460990000000001     1630823748079472 0 0 0 0 0 0 0 0 1 0 
460990000000023     1630823748442940 0 0 0 0 0 0 1 0 0 0 
460990000000023     1630823748443145 0 0 0 0 0 0 0 1 0 0 
460990000000014     1630823748460835 0 0 0 0 0 0 1 0 0 0 
460990000000014     1630823748461087 0 0 0 0 0 0 0 1 0 0 
460990000000077     1630823748668819 0 0 0 0 0 0 1 0 0 0 
460990000000077     1630823748669085 0 0 0 0 0 0 0 1 0 0 
460990000000080     1630823748717014 0 0 0 0 0 0 0 0 1 0 
460990000000018     1630823748805298 0 0 0 0 0 0 0 0 1 0 
460990000000078     1630823748977862 0 0 0 0 0 0 1 0 0 0 
460990000000078     1630823748978151 0 0 0 0 0 0 0 1 0 0 
460990000000006     1630823748978174 0 0 0 0 0 0 0 0 1 0 
460990000000008     1630823749200131 0 0 0 0 0 0 0 0 0 1 
460990000000060     1630823749222920 0 0 0 0 0 0 0 0 0 1 
460990000000010     1630823749232045 0 0 0 0 0 0 0 0 0 1 
460990000000020     1630823749437290 0 0 0 0 0 0 1 0 0 0 
460990000000020     1630823749437515 0 0 0 0 0 0 0 1 0 0 
460990000000043     1630823749620814 0 0 0 0 0 0 1 0 0 0 
460990000000043     1630823749621037 0 0 0 0 0 0 0 1 0 0 
460990000000080     1630823750115995 0 0 0 0 0 0 0 0 0 1 
460990000000049     1630823750356421 0 0 0 0 0 0 1 0 0 0 
460990000000049     1630823750356646 0 0 0 0 0 0 0 1 0 0 
460990000000006     1630823750377041 0 0 0 0 0 0 0 0 0 1 
460990000000018     1630823750385683 0 0 0 0 0 0 0 0 0 1 
460990000000063     1630823750548509 0 0 0 0 0 0 0 0 1 0 
460990000000082     1630823750568666 0 0 0 0 0 0 0 0 1 0 
460990000000084     1630823750774044 0 0 0 0 0 0 0 0 1 0 
460990000000013     1630823750959401 0 0 0 0 0 0 0 0 1 0 
460990000000004     1630823750963812 0 0 0 0 0 0 0 0 0 1 
460990000000037     1630823750964123 0 0 0 0 0 0 0 0 1 0 
460990000000045     1630823751234021 0 0 0 0 0 0 1 0 0 0 
460990000000045     1630823751234216 0 0 0 0 0 0 0 1 0 0 
460990000000012     1630823751428001 0 0 0 0 0 0 1 0 0 0 
460990000000012     1630823751428241 0 0 0 0 0 0 0 1 0 0 
460990000000011     1630823751619150 0 0 0 0 0 0 1 0 0 0 
460990000000011     1630823751619436 0 0 0 0 0 0 0 1 0 0 
460990000000063     1630823751862660 0 0 0 0 0 0 0 0 0 1 
460990000000021     1630823751935816 0 0 0 0 0 0 1 0 0 0 
460990000000021     1630823751936094 0 0 0 0 0 0 0 1 0 0 
460990000000096     1630823752069047 0 0 0 0 0 0 0 0 1 0 
460990000000040     1630823752120393 0 0 0 0 0 0 0 0 0 1 
460990000000025     1630823752529629 0 0 0 0 0 0 1 0 0 0 
460990000000025     1630823752529937 0 0 0 0 0 0 0 1 0 0 
460990000000052     1630823752538952 0 0 0 0 0 0 1 0 0 0 
460990000000052     1630823752539153 0 0 0 0 0 0 0 1 0 0 
460990000000003     1630823752843140 0 0 0 0 0 0 0 0 1 0 
460990000000009     1630823753045879 0 0 0 0 0 0 0 0 1 0 
460990000000047     1630823753045877 0 0 0 0 0 0 0 0 1 0 
460990000000013     1630823753252533 0 0 0 0 0 0 0 0 0 1 
460990000000044     1630823753869366 0 0 0 0 0 0 0 0 0 1 
460990000000003     1630823753989249 0 0 0 0 0 0 0 0 0 1 
460990000000047     1630823754087383 0 0 0 0 0 0 0 0 0 1 
460990000000073     1630823754241541 0 0 0 0 0 0 0 0 1 0 
460990000000075     1630823754646186 0 0 0 0 0 0 0 0 1 0 
460990000000091     1630823754850742 0 0 0 0 0 0 1 0 0 0 
460990000000091     1630823754851041 0 0 0 0 0 0 0 1 0 0 
460990000000033     1630823754854341 0 0 0 0 0 0 0 0 0 1 
460990000000073     1630823755696570 0 0 0 0 0 0 0 0 0 1 
460990000000019     1630823755714705 0 0 0 0 0 1 0 0 0 0 
460990000000075     1630823755938839 0 0 0 0 0 0 0 0 0 1 
460990000000046     1630823756102461 0 0 0 0 0 0 1 0 0 0 
460990000000046     1630823756102650 0 0 0 0 0 0 0 1 0 0 
460990000000022     1630823756132704 0 0 0 0 0 0 0 0 0 1 
460990000000054     1630823756973244 0 0 0 0 0 0 0 0 0 1 
460990000000030     1630823757058454 0 0 0 0 0 0 0 0 1 0 
460990000000067     1630823757288360 0 0 0 0 0 0 0 0 0 1 
460990000000051     1630823757403988 0 0 0 0 0 0 0 0 1 0 
460990000000031     1630823757850188 0 0 0 0 0 0 0 0 1 0 
460990000000065     1630823758354107 0 0 0 0 0 0 0 0 0 1 
460990000000095     1630823758621114 0 0 0 0 0 0 0 0 1 0 
460990000000051     1630823758830424 0 0 0 0 0 0 0 0 0 1 
460990000000031     1630823758837870 0 0 0 0 0 0 0 0 0 1 
460990000000072     1630823759333811 0 0 0 0 0 0 0 0 1 0 
460990000000028     1630823759538022 0 0 0 0 0 0 0 0 1 0 
460990000000076     1630823759742121 0 0 0 0 0 0 1 0 0 0 
460990000000076     1630823759742357 0 0 0 0 0 0 0 1 0 0 
460990000000058     1630823759824024 0 0 0 0 0 0 1 0 0 0 
460990000000058     1630823759824249 0 0 0 0 0 0 0 1 0 0 
460990000000068     1630823760166933 0 0 0 0 0 0 0 0 0 1 
460990000000072     1630823760625408 0 0 0 0 0 0 0 0 0 1 
460990000000028     1630823760709665 0 0 0 0 0 0 0 0 0 1 
460990000000041     1630823760803354 0 0 0 0 0 0 0 0 1 0 
460990000000071     1630823761008828 0 0 0 0 0 0 0 0 0 1 
460990000000007     1630823761813490 0 0 0 0 0 0 1 0 0 0 
460990000000007     1630823761813750 0 0 0 0 0 0 0 1 0 0 
460990000000036     1630823761860317 0 0 0 0 0 0 0 0 0 1 
460990000000002     1630823761942970 0 0 0 0 0 0 0 0 1 0 
460990000000056     1630823762025019 0 0 0 0 0 0 0 0 0 1 
460990000000062     1630823762419413 0 0 0 0 0 0 0 0 1 0 
460990000000039     1630823763230019 0 0 0 0 0 0 1 0 0 0 
460990000000039     1630823763230217 0 0 0 0 0 0 0 1 0 0 
460990000000070     1630823763316175 0 0 0 0 0 0 1 0 0 0 
460990000000070     1630823763316407 0 0 0 0 0 0 0 1 0 0 
460990000000048     1630823763431019 0 0 0 0 0 0 1 0 0 0 
460990000000048     1630823763431231 0 0 0 0 0 0 0 1 0 0 
460990000000064     1630823763441549 0 0 0 0 0 0 0 0 1 0 
460990000000002     1630823763526814 0 0 0 0 0 0 0 0 0 1 
460990000000074     1630823763692372 0 0 0 0 0 0 1 0 0 0 
460990000000074     1630823763692553 0 0 0 0 0 0 0 1 0 0 
460990000000062     1630823763908382 0 0 0 0 0 0 0 0 0 1 
460990000000097     1630823764254376 0 0 0 0 0 0 0 0 1 0 
460990000000042     1630823764541874 0 0 0 0 0 0 0 0 0 1 
460990000000089     1630823764756610 0 0 0 0 0 0 0 0 0 1 
460990000000064     1630823764880391 0 0 0 0 0 0 0 0 0 1 
460990000000017     1630823765101419 0 0 0 0 0 0 0 0 0 1 
460990000000016     1630823765428725 0 0 0 0 0 0 0 0 0 1 
460990000000097     1630823765457000 0 0 0 0 0 0 0 0 0 1 
460990000000015     1630823765565473 0 0 0 0 0 0 0 0 1 0 
460990000000027     1630823766088375 0 0 0 0 0 0 0 0 1 0 
460990000000034     1630823766497915 0 0 0 0 0 0 0 0 1 0 
460990000000069     1630823766705790 0 0 0 0 0 0 0 0 0 1 
460990000000027     1630823767445927 0 0 0 0 0 0 0 0 0 1 
460990000000086     1630823767720298 0 0 0 0 0 0 0 0 0 1 
460990000000087     1630823767989665 0 0 0 0 0 0 0 0 0 1 
460990000000034     1630823768510330 0 0 0 0 0 0 0 0 0 1 
460990000000035     1630823768596686 0 0 0 0 0 0 0 0 0 1 
460990000000032     1630823768694250 0 0 0 0 0 0 0 0 1 0 
460990000000050     1630823768893922 0 0 0 0 0 0 0 0 1 0 
460990000000005     1630823769097945 0 0 0 0 0 0 0 0 1 0 
460990000000088     1630823769304834 0 0 0 0 0 0 0 0 1 0 
460990000000059     1630823769304859 0 0 0 0 0 0 0 0 0 1 
460990000000050     1630823770158503 0 0 0 0 0 0 0 0 0 1 
460990000000005     1630823770427201 0 0 0 0 0 0 0 0 0 1 
460990000000088     1630823770588758 0 0 0 0 0 0 0 0 0 1 
460990000000055     1630823770713215 0 0 0 0 0 0 0 0 1 0 
460990000000090     1630823770917000 0 0 0 0 0 0 0 0 0 1 
460990000000066     1630823770984046 0 0 0 0 0 0 0 0 0 1 
460990000000053     1630823771143984 0 0 0 0 0 0 0 0 1 0 
460990000000023     1630823771346565 0 0 0 0 0 0 0 0 1 0 
460990000000055     1630823772080971 0 0 0 0 0 0 0 0 0 1 
460990000000053     1630823772520625 0 0 0 0 0 0 0 0 0 1 
460990000000023     1630823772580761 0 0 0 0 0 0 0 0 0 1 
460990000000077     1630823772637213 0 0 0 0 0 0 0 0 1 0 
460990000000078     1630823772834528 0 0 0 0 0 0 0 0 1 0 
460990000000043     1630823773129463 0 0 0 0 0 0 0 0 1 0 
460990000000014     1630823773334088 0 0 0 0 0 0 0 0 0 1 
460990000000001     1630823773412672 0 0 0 0 0 0 0 0 0 1 
460990000000049     1630823773682161 0 0 0 0 0 0 0 0 1 0 
460990000000045     1630823774013214 0 0 0 0 0 0 0 0 1 0 
460990000000011     1630823774214820 0 0 0 0 0 0 0 0 1 0 
460990000000078     1630823774420517 0 0 0 0 0 0 0 0 0 1 
460990000000082     1630823774458017 0 0 0 0 0 0 0 0 0 1 
460990000000021     1630823774741245 0 0 0 0 0 0 0 0 1 0 
460990000000020     1630823774947700 0 0 0 0 0 0 0 0 0 1 
460990000000045     1630823775030048 0 0 0 0 0 0 0 0 0 1 
460990000000025     1630823775074684 0 0 0 0 0 0 0 0 1 0 
460990000000084     1630823775280747 0 0 0 0 0 0 0 0 0 1 
460990000000037     1630823775650505 0 0 0 0 0 0 0 0 0 1 
460990000000052     1630823775676246 0 0 0 0 0 0 0 0 1 0 
460990000000091     1630823776017204 0 0 0 0 0 0 0 0 1 0 
460990000000012     1630823776220724 0 0 0 0 0 0 0 0 0 1 
460990000000038     1630823776293509 0 0 0 0 0 0 1 0 0 0 
460990000000038     1630823776293729 0 0 0 0 0 0 0 1 0 0 
460990000000019     1630823776910198 0 0 0 0 0 0 1 0 0 0 
460990000000019     1630823776910536 0 0 0 0 0 0 0 1 0 0 
460990000000052     1630823777041828 0 0 0 0 0 0 0 0 0 1 
460990000000091     1630823777494149 0 0 0 0 0 0 0 0 0 1 
460990000000076     1630823777882351 0 0 0 0 0 0 0 0 1 0 
460990000000046     1630823778908439 0 0 0 0 0 0 0 0 0 1 
460990000000096     1630823779111548 0 0 0 0 0 0 0 0 0 1 
460990000000076     1630823779195321 0 0 0 0 0 0 0 0 0 1 
460990000000009     1630823779266177 0 0 0 0 0 0 0 0 0 1 
460990000000007     1630823779486595 0 0 0 0 0 0 0 0 1 0 
460990000000070     1630823779777200 0 0 0 0 0 0 0 0 1 0 
460990000000058     1630823780391742 0 0 0 0 0 0 0 0 0 1 
460990000000039     1630823781252512 0 0 0 0 0 0 0 0 0 1 
460990000000074     1630823781493990 0 0 0 0 0 0 0 0 1 0 
460990000000048     1630823781494031 0 0 0 0 0 0 0 0 1 0 
460990000000048     1630823782620615 0 0 0 0 0 0 0 0 0 1 
460990000000074     1630823783016630 0 0 0 0 0 0 0 0 0 1 
460990000000030     1630823783160853 0 0 0 0 0 0 0 0 0 1 
460990000000019     1630823784495578 0 0 0 0 0 0 0 0 1 0 
460990000000095     1630823785080473 0 0 0 0 0 0 0 0 0 1 
460990000000038     1630823785695984 0 0 0 0 0 0 0 0 0 1 
460990000000041     1630823792570288 0 0 0 0 0 0 0 0 0 1 
460990000000015     1630823796264876 0 0 0 0 0 0 0 0 0 1 
460990000000032     1630823797743621 0 0 0 0 0 0 0 0 0 1 
460990000000077     1630823798232503 0 0 0 0 0 0 0 0 0 1 
460990000000043     1630823798737758 0 0 0 0 0 0 0 0 0 1 
460990000000049     1630823799246885 0 0 0 0 0 0 0 0 0 1 
460990000000011     1630823799777858 0 0 0 0 0 0 0 0 0 1 
460990000000025     1630823800738009 0 0 0 0 0 0 0 0 0 1 
460990000000021     1630823801251398 0 0 0 0 0 0 0 0 0 1 
460990000000007     1630823802137008 0 0 0 0 0 0 0 0 0 1 
460990000000070     1630823802646751 0 0 0 0 0 0 0 0 0 1 
460990000000019     1630823803188907 0 0 0 0 0 0 0 0 0 1 
