460990000000099     1630765208636148	1	0	0	0	0	0	0	0	0	0	
460990000000099     1630765208636824 0 1 0 0 0 0 0 0 0 0 
460990000000099     1630765208637161 0 0 1 0 0 0 0 0 0 0 
460990000000097     1630765208637170	1	0	0	0	0	0	0	0	0	0	
460990000000097     1630765208637300 0 1 0 0 0 0 0 0 0 0 
460990000000097     1630765208638466 0 0 1 0 0 0 0 0 0 0 
460990000000099     1630765208641742 0 0 0 1 0 0 0 0 0 0 
460990000000094     1630765208641929	1	0	0	0	0	0	0	0	0	0	
460990000000083     1630765208642118	1	0	0	0	0	0	0	0	0	0	
460990000000094     1630765208642229 0 1 0 0 0 0 0 0 0 0 
460990000000097     1630765208642194 0 0 0 1 0 0 0 0 0 0 
460990000000081     1630765208642547	1	0	0	0	0	0	0	0	0	0	
460990000000081     1630765208642633 0 1 0 0 0 0 0 0 0 0 
460990000000094     1630765208642536 0 0 1 0 0 0 0 0 0 0 
460990000000081     1630765208642879 0 0 1 0 0 0 0 0 0 0 
460990000000093     1630765208642776	1	0	0	0	0	0	0	0	0	0	
460990000000093     1630765208643153 0 1 0 0 0 0 0 0 0 0 
460990000000090     1630765208643412	1	0	0	0	0	0	0	0	0	0	
460990000000085     1630765208643377	1	0	0	0	0	0	0	0	0	0	
460990000000085     1630765208643677 0 1 0 0 0 0 0 0 0 0 
460990000000093     1630765208643610 0 0 1 0 0 0 0 0 0 0 
460990000000087     1630765208643566	1	0	0	0	0	0	0	0	0	0	
460990000000085     1630765208643823 0 0 1 0 0 0 0 0 0 0 
460990000000089     1630765208649236	1	0	0	0	0	0	0	0	0	0	
460990000000089     1630765208649357 0 1 0 0 0 0 0 0 0 0 
460990000000100     1630765208648452	1	0	0	0	0	0	0	0	0	0	
460990000000092     1630765208641936	1	0	0	0	0	0	0	0	0	0	
460990000000090     1630765208649529 0 1 0 0 0 0 0 0 0 0 
460990000000100     1630765208649534 0 1 0 0 0 0 0 0 0 0 
460990000000094     1630765208649671 0 0 0 1 0 0 0 0 0 0 
460990000000088     1630765208645221	1	0	0	0	0	0	0	0	0	0	
460990000000087     1630765208653563 0 1 0 0 0 0 0 0 0 0 
460990000000100     1630765208650000 0 0 1 0 0 0 0 0 0 0 
460990000000098     1630765208650544	1	0	0	0	0	0	0	0	0	0	
460990000000090     1630765208650011 0 0 1 0 0 0 0 0 0 0 
460990000000085     1630765208650198 0 0 0 1 0 0 0 0 0 0 
460990000000089     1630765208653260 0 0 1 0 0 0 0 0 0 0 
460990000000088     1630765208654287 0 1 0 0 0 0 0 0 0 0 
460990000000098     1630765208654295 0 1 0 0 0 0 0 0 0 0 
460990000000083     1630765208650020 0 1 0 0 0 0 0 0 0 0 
460990000000092     1630765208654346 0 1 0 0 0 0 0 0 0 0 
460990000000093     1630765208654412 0 0 0 1 0 0 0 0 0 0 
460990000000087     1630765208654295 0 0 1 0 0 0 0 0 0 0 
460990000000089     1630765208654906 0 0 0 1 0 0 0 0 0 0 
460990000000081     1630765208654825 0 0 0 1 0 0 0 0 0 0 
460990000000086     1630765208654854	1	0	0	0	0	0	0	0	0	0	
460990000000083     1630765208654785 0 0 1 0 0 0 0 0 0 0 
460990000000088     1630765208655027 0 0 1 0 0 0 0 0 0 0 
460990000000080     1630765208655398	1	0	0	0	0	0	0	0	0	0	
460990000000080     1630765208655458 0 1 0 0 0 0 0 0 0 0 
460990000000098     1630765208654910 0 0 1 0 0 0 0 0 0 0 
460990000000098     1630765208656868 0 0 0 1 0 0 0 0 0 0 
460990000000080     1630765208655535 0 0 1 0 0 0 0 0 0 0 
460990000000100     1630765208655976 0 0 0 1 0 0 0 0 0 0 
460990000000027     1630765208656428	1	0	0	0	0	0	0	0	0	0	
460990000000088     1630765208659003 0 0 0 1 0 0 0 0 0 0 
460990000000092     1630765208655314 0 0 1 0 0 0 0 0 0 0 
460990000000086     1630765208660342 0 1 0 0 0 0 0 0 0 0 
460990000000087     1630765208660406 0 0 0 1 0 0 0 0 0 0 
460990000000080     1630765208661011 0 0 0 1 0 0 0 0 0 0 
460990000000027     1630765208661774 0 1 0 0 0 0 0 0 0 0 
460990000000083     1630765208658673 0 0 0 1 0 0 0 0 0 0 
460990000000086     1630765208661504 0 0 1 0 0 0 0 0 0 0 
460990000000079     1630765208657507	1	0	0	0	0	0	0	0	0	0	
460990000000079     1630765208662143 0 1 0 0 0 0 0 0 0 0 
460990000000084     1630765208661763	1	0	0	0	0	0	0	0	0	0	
460990000000084     1630765208662221 0 1 0 0 0 0 0 0 0 0 
460990000000084     1630765208662314 0 0 1 0 0 0 0 0 0 0 
460990000000027     1630765208662456 0 0 1 0 0 0 0 0 0 0 
460990000000092     1630765208662599 0 0 0 1 0 0 0 0 0 0 
460990000000082     1630765208662328	1	0	0	0	0	0	0	0	0	0	
460990000000082     1630765208662797 0 1 0 0 0 0 0 0 0 0 
460990000000079     1630765208662920 0 0 1 0 0 0 0 0 0 0 
460990000000090     1630765208663754 0 0 0 1 0 0 0 0 0 0 
460990000000082     1630765208663412 0 0 1 0 0 0 0 0 0 0 
460990000000017     1630765208664968	1	0	0	0	0	0	0	0	0	0	
460990000000017     1630765208665549 0 1 0 0 0 0 0 0 0 0 
460990000000017     1630765208665631 0 0 1 0 0 0 0 0 0 0 
460990000000082     1630765208669983 0 0 0 1 0 0 0 0 0 0 
460990000000005     1630765208670149	1	0	0	0	0	0	0	0	0	0	
460990000000005     1630765208670394 0 1 0 0 0 0 0 0 0 0 
460990000000036     1630765208669755	1	0	0	0	0	0	0	0	0	0	
460990000000036     1630765208670989 0 1 0 0 0 0 0 0 0 0 
460990000000057     1630765208671460	1	0	0	0	0	0	0	0	0	0	
460990000000057     1630765208671863 0 1 0 0 0 0 0 0 0 0 
460990000000005     1630765208670476 0 0 1 0 0 0 0 0 0 0 
460990000000036     1630765208671077 0 0 1 0 0 0 0 0 0 0 
460990000000019     1630765208672291	1	0	0	0	0	0	0	0	0	0	
460990000000035     1630765208672427	1	0	0	0	0	0	0	0	0	0	
460990000000034     1630765208672192	1	0	0	0	0	0	0	0	0	0	
460990000000014     1630765208672271	1	0	0	0	0	0	0	0	0	0	
460990000000035     1630765208678725 0 1 0 0 0 0 0 0 0 0 
460990000000057     1630765208672186 0 0 1 0 0 0 0 0 0 0 
460990000000034     1630765208679211 0 1 0 0 0 0 0 0 0 0 
460990000000019     1630765208681652 0 1 0 0 0 0 0 0 0 0 
460990000000027     1630765208682594 0 0 0 1 0 0 0 0 0 0 
460990000000086     1630765208683068 0 0 0 1 0 0 0 0 0 0 
460990000000025     1630765208684324	1	0	0	0	0	0	0	0	0	0	
460990000000035     1630765208682399 0 0 1 0 0 0 0 0 0 0 
460990000000025     1630765208687155 0 1 0 0 0 0 0 0 0 0 
460990000000084     1630765208682388 0 0 0 1 0 0 0 0 0 0 
460990000000034     1630765208682818 0 0 1 0 0 0 0 0 0 0 
460990000000032     1630765208683021	1	0	0	0	0	0	0	0	0	0	
460990000000032     1630765208689136 0 1 0 0 0 0 0 0 0 0 
460990000000004     1630765208689629	1	0	0	0	0	0	0	0	0	0	
460990000000033     1630765208687074	1	0	0	0	0	0	0	0	0	0	
460990000000033     1630765208691873 0 1 0 0 0 0 0 0 0 0 
460990000000032     1630765208689223 0 0 1 0 0 0 0 0 0 0 
460990000000004     1630765208692332 0 1 0 0 0 0 0 0 0 0 
460990000000014     1630765208688691 0 1 0 0 0 0 0 0 0 0 
460990000000006     1630765208692525	1	0	0	0	0	0	0	0	0	0	
460990000000019     1630765208682774 0 0 1 0 0 0 0 0 0 0 
460990000000006     1630765208693708 0 1 0 0 0 0 0 0 0 0 
460990000000017     1630765208693217 0 0 0 1 0 0 0 0 0 0 
460990000000004     1630765208693636 0 0 1 0 0 0 0 0 0 0 
460990000000006     1630765208694063 0 0 1 0 0 0 0 0 0 0 
460990000000026     1630765208693313	1	0	0	0	0	0	0	0	0	0	
460990000000033     1630765208693744 0 0 1 0 0 0 0 0 0 0 
460990000000026     1630765208695508 0 1 0 0 0 0 0 0 0 0 
460990000000046     1630765208694011	1	0	0	0	0	0	0	0	0	0	
460990000000029     1630765208695150	1	0	0	0	0	0	0	0	0	0	
460990000000029     1630765208698077 0 1 0 0 0 0 0 0 0 0 
460990000000026     1630765208698364 0 0 1 0 0 0 0 0 0 0 
460990000000025     1630765208698333 0 0 1 0 0 0 0 0 0 0 
460990000000014     1630765208698480 0 0 1 0 0 0 0 0 0 0 
460990000000029     1630765208700280 0 0 1 0 0 0 0 0 0 0 
460990000000046     1630765208702055 0 1 0 0 0 0 0 0 0 0 
460990000000001     1630765208702209	1	0	0	0	0	0	0	0	0	0	
460990000000001     1630765208702308 0 1 0 0 0 0 0 0 0 0 
460990000000001     1630765208702470 0 0 1 0 0 0 0 0 0 0 
460990000000046     1630765208702556 0 0 1 0 0 0 0 0 0 0 
460990000000079     1630765208704253 0 0 0 1 0 0 0 0 0 0 
460990000000007     1630765208708795	1	0	0	0	0	0	0	0	0	0	
460990000000007     1630765208709133 0 1 0 0 0 0 0 0 0 0 
460990000000007     1630765208709596 0 0 1 0 0 0 0 0 0 0 
460990000000072     1630765208712369	1	0	0	0	0	0	0	0	0	0	
460990000000072     1630765208712705 0 1 0 0 0 0 0 0 0 0 
460990000000024     1630765208713010	1	0	0	0	0	0	0	0	0	0	
460990000000005     1630765208713018 0 0 0 1 0 0 0 0 0 0 
460990000000002     1630765208713453	1	0	0	0	0	0	0	0	0	0	
460990000000024     1630765208713492 0 1 0 0 0 0 0 0 0 0 
460990000000036     1630765208713649 0 0 0 1 0 0 0 0 0 0 
460990000000024     1630765208713661 0 0 1 0 0 0 0 0 0 0 
460990000000002     1630765208713864 0 1 0 0 0 0 0 0 0 0 
460990000000022     1630765208714014	1	0	0	0	0	0	0	0	0	0	
460990000000002     1630765208714007 0 0 1 0 0 0 0 0 0 0 
460990000000040     1630765208715327	1	0	0	0	0	0	0	0	0	0	
460990000000040     1630765208715420 0 1 0 0 0 0 0 0 0 0 
460990000000040     1630765208715504 0 0 1 0 0 0 0 0 0 0 
460990000000016     1630765208716211	1	0	0	0	0	0	0	0	0	0	
460990000000016     1630765208717905 0 1 0 0 0 0 0 0 0 0 
460990000000016     1630765208718009 0 0 1 0 0 0 0 0 0 0 
460990000000072     1630765208718082 0 0 1 0 0 0 0 0 0 0 
460990000000012     1630765208721006	1	0	0	0	0	0	0	0	0	0	
460990000000003     1630765208721227	1	0	0	0	0	0	0	0	0	0	
460990000000050     1630765208721479	1	0	0	0	0	0	0	0	0	0	
460990000000050     1630765208721570 0 1 0 0 0 0 0 0 0 0 
460990000000050     1630765208721676 0 0 1 0 0 0 0 0 0 0 
460990000000020     1630765208722243	1	0	0	0	0	0	0	0	0	0	
460990000000012     1630765208722313 0 1 0 0 0 0 0 0 0 0 
460990000000012     1630765208722488 0 0 1 0 0 0 0 0 0 0 
460990000000020     1630765208722714 0 1 0 0 0 0 0 0 0 0 
460990000000020     1630765208722863 0 0 1 0 0 0 0 0 0 0 
460990000000003     1630765208723039 0 1 0 0 0 0 0 0 0 0 
460990000000003     1630765208723273 0 0 1 0 0 0 0 0 0 0 
460990000000022     1630765208723644 0 1 0 0 0 0 0 0 0 0 
460990000000042     1630765208723813	1	0	0	0	0	0	0	0	0	0	
460990000000054     1630765208723898	1	0	0	0	0	0	0	0	0	0	
460990000000013     1630765208724006	1	0	0	0	0	0	0	0	0	0	
460990000000045     1630765208724021	1	0	0	0	0	0	0	0	0	0	
460990000000022     1630765208724350 0 0 1 0 0 0 0 0 0 0 
460990000000067     1630765208725521	1	0	0	0	0	0	0	0	0	0	
460990000000067     1630765208726066 0 1 0 0 0 0 0 0 0 0 
460990000000055     1630765208726234	1	0	0	0	0	0	0	0	0	0	
460990000000042     1630765208728986 0 1 0 0 0 0 0 0 0 0 
460990000000065     1630765208729024	1	0	0	0	0	0	0	0	0	0	
460990000000065     1630765208729179 0 1 0 0 0 0 0 0 0 0 
460990000000065     1630765208729283 0 0 1 0 0 0 0 0 0 0 
460990000000054     1630765208729447 0 1 0 0 0 0 0 0 0 0 
460990000000042     1630765208729425 0 0 1 0 0 0 0 0 0 0 
460990000000054     1630765208729565 0 0 1 0 0 0 0 0 0 0 
460990000000039     1630765208730466	1	0	0	0	0	0	0	0	0	0	
460990000000039     1630765208730607 0 1 0 0 0 0 0 0 0 0 
460990000000039     1630765208730709 0 0 1 0 0 0 0 0 0 0 
460990000000044     1630765208730647	1	0	0	0	0	0	0	0	0	0	
460990000000044     1630765208730876 0 1 0 0 0 0 0 0 0 0 
460990000000008     1630765208730908	1	0	0	0	0	0	0	0	0	0	
460990000000044     1630765208730983 0 0 1 0 0 0 0 0 0 0 
460990000000013     1630765208731138 0 1 0 0 0 0 0 0 0 0 
460990000000070     1630765208731811	1	0	0	0	0	0	0	0	0	0	
460990000000070     1630765208731937 0 1 0 0 0 0 0 0 0 0 
460990000000070     1630765208732037 0 0 1 0 0 0 0 0 0 0 
460990000000047     1630765208732382	1	0	0	0	0	0	0	0	0	0	
460990000000047     1630765208732505 0 1 0 0 0 0 0 0 0 0 
460990000000047     1630765208732702 0 0 1 0 0 0 0 0 0 0 
460990000000067     1630765208729355 0 0 1 0 0 0 0 0 0 0 
460990000000008     1630765208733355 0 1 0 0 0 0 0 0 0 0 
460990000000045     1630765208733510 0 1 0 0 0 0 0 0 0 0 
460990000000013     1630765208733456 0 0 1 0 0 0 0 0 0 0 
460990000000045     1630765208733583 0 0 1 0 0 0 0 0 0 0 
460990000000008     1630765208734127 0 0 1 0 0 0 0 0 0 0 
460990000000055     1630765208736221 0 1 0 0 0 0 0 0 0 0 
460990000000055     1630765208741078 0 0 1 0 0 0 0 0 0 0 
460990000000051     1630765208741833	1	0	0	0	0	0	0	0	0	0	
460990000000018     1630765208743537	1	0	0	0	0	0	0	0	0	0	
460990000000018     1630765208743745 0 1 0 0 0 0 0 0 0 0 
460990000000051     1630765208744098 0 1 0 0 0 0 0 0 0 0 
460990000000095     1630765208744985	1	0	0	0	0	0	0	0	0	0	
460990000000057     1630765208745830 0 0 0 1 0 0 0 0 0 0 
460990000000014     1630765208745980 0 0 0 1 0 0 0 0 0 0 
460990000000006     1630765208746024 0 0 0 1 0 0 0 0 0 0 
460990000000034     1630765208746056 0 0 0 1 0 0 0 0 0 0 
460990000000019     1630765208746046 0 0 0 1 0 0 0 0 0 0 
460990000000095     1630765208747424 0 1 0 0 0 0 0 0 0 0 
460990000000051     1630765208747470 0 0 1 0 0 0 0 0 0 0 
460990000000004     1630765208747740 0 0 0 1 0 0 0 0 0 0 
460990000000035     1630765208747861 0 0 0 1 0 0 0 0 0 0 
460990000000095     1630765208747889 0 0 1 0 0 0 0 0 0 0 
460990000000032     1630765208748451 0 0 0 1 0 0 0 0 0 0 
460990000000026     1630765208749979 0 0 0 1 0 0 0 0 0 0 
460990000000033     1630765208752541 0 0 0 1 0 0 0 0 0 0 
460990000000060     1630765208753705	1	0	0	0	0	0	0	0	0	0	
460990000000018     1630765208754538 0 0 1 0 0 0 0 0 0 0 
460990000000074     1630765208757035	1	0	0	0	0	0	0	0	0	0	
460990000000074     1630765208757229 0 1 0 0 0 0 0 0 0 0 
460990000000074     1630765208757467 0 0 1 0 0 0 0 0 0 0 
460990000000060     1630765208758114 0 1 0 0 0 0 0 0 0 0 
460990000000078     1630765208758436	1	0	0	0	0	0	0	0	0	0	
460990000000060     1630765208758486 0 0 1 0 0 0 0 0 0 0 
460990000000078     1630765208760013 0 1 0 0 0 0 0 0 0 0 
460990000000078     1630765208760158 0 0 1 0 0 0 0 0 0 0 
460990000000056     1630765208760417	1	0	0	0	0	0	0	0	0	0	
460990000000053     1630765208768399	1	0	0	0	0	0	0	0	0	0	
460990000000056     1630765208773097 0 1 0 0 0 0 0 0 0 0 
460990000000049     1630765208773379	1	0	0	0	0	0	0	0	0	0	
460990000000056     1630765208773443 0 0 1 0 0 0 0 0 0 0 
460990000000049     1630765208773562 0 1 0 0 0 0 0 0 0 0 
460990000000053     1630765208773585 0 1 0 0 0 0 0 0 0 0 
460990000000049     1630765208773638 0 0 1 0 0 0 0 0 0 0 
460990000000053     1630765208773754 0 0 1 0 0 0 0 0 0 0 
460990000000029     1630765208814972 0 0 0 1 0 0 0 0 0 0 
460990000000001     1630765208820511 0 0 0 1 0 0 0 0 0 0 
460990000000046     1630765208828116 0 0 0 1 0 0 0 0 0 0 
460990000000025     1630765208858633 0 0 0 1 0 0 0 0 0 0 
460990000000007     1630765208936495 0 0 0 1 0 0 0 0 0 0 
460990000000024     1630765208964676 0 0 0 1 0 0 0 0 0 0 
460990000000002     1630765208996366 0 0 0 1 0 0 0 0 0 0 
460990000000072     1630765209006518 0 0 0 1 0 0 0 0 0 0 
460990000000040     1630765209006573 0 0 0 1 0 0 0 0 0 0 
460990000000016     1630765209006824 0 0 0 1 0 0 0 0 0 0 
460990000000020     1630765209006888 0 0 0 1 0 0 0 0 0 0 
460990000000050     1630765209007005 0 0 0 1 0 0 0 0 0 0 
460990000000012     1630765209007995 0 0 0 1 0 0 0 0 0 0 
460990000000003     1630765209010721 0 0 0 1 0 0 0 0 0 0 
460990000000022     1630765209018074 0 0 0 1 0 0 0 0 0 0 
460990000000065     1630765209025016 0 0 0 1 0 0 0 0 0 0 
460990000000055     1630765209027196 0 0 0 1 0 0 0 0 0 0 
460990000000093     1630765209028196 0 0 0 0 1 0 0 0 0 0 
460990000000085     1630765209028208 0 0 0 0 1 0 0 0 0 0 
460990000000008     1630765209028887 0 0 0 1 0 0 0 0 0 0 
460990000000097     1630765209029014 0 0 0 0 1 0 0 0 0 0 
460990000000045     1630765209029093 0 0 0 1 0 0 0 0 0 0 
460990000000094     1630765209029159 0 0 0 0 1 0 0 0 0 0 
460990000000060     1630765209029218 0 0 0 1 0 0 0 0 0 0 
460990000000067     1630765209029372 0 0 0 1 0 0 0 0 0 0 
460990000000047     1630765209029408 0 0 0 1 0 0 0 0 0 0 
460990000000099     1630765209029589 0 0 0 0 1 0 0 0 0 0 
460990000000018     1630765209029622 0 0 0 1 0 0 0 0 0 0 
460990000000056     1630765209029881 0 0 0 1 0 0 0 0 0 0 
460990000000051     1630765209029892 0 0 0 1 0 0 0 0 0 0 
460990000000049     1630765209030118 0 0 0 1 0 0 0 0 0 0 
460990000000039     1630765209030171 0 0 0 1 0 0 0 0 0 0 
460990000000013     1630765209030195 0 0 0 1 0 0 0 0 0 0 
460990000000042     1630765209030245 0 0 0 1 0 0 0 0 0 0 
460990000000078     1630765209030654 0 0 0 1 0 0 0 0 0 0 
460990000000044     1630765209030801 0 0 0 1 0 0 0 0 0 0 
460990000000054     1630765209030897 0 0 0 1 0 0 0 0 0 0 
460990000000070     1630765209031307 0 0 0 1 0 0 0 0 0 0 
460990000000053     1630765209031863 0 0 0 1 0 0 0 0 0 0 
460990000000074     1630765209031984 0 0 0 1 0 0 0 0 0 0 
460990000000095     1630765209032067 0 0 0 1 0 0 0 0 0 0 
460990000000081     1630765209034967 0 0 0 0 1 0 0 0 0 0 
460990000000089     1630765209128335 0 0 0 0 1 0 0 0 0 0 
460990000000088     1630765209163708 0 0 0 0 1 0 0 0 0 0 
460990000000100     1630765209198069 0 0 0 0 1 0 0 0 0 0 
460990000000098     1630765209225286 0 0 0 0 1 0 0 0 0 0 
460990000000080     1630765209239927 0 0 0 0 1 0 0 0 0 0 
460990000000083     1630765209244682 0 0 0 0 1 0 0 0 0 0 
460990000000092     1630765209293905 0 0 0 0 1 0 0 0 0 0 
460990000000087     1630765209296167 0 0 0 0 1 0 0 0 0 0 
460990000000090     1630765209341999 0 0 0 0 1 0 0 0 0 0 
460990000000082     1630765209391519 0 0 0 0 1 0 0 0 0 0 
460990000000084     1630765209450685 0 0 0 0 1 0 0 0 0 0 
460990000000017     1630765209469862 0 0 0 0 1 0 0 0 0 0 
460990000000079     1630765209490889 0 0 0 0 1 0 0 0 0 0 
460990000000027     1630765209533238 0 0 0 0 1 0 0 0 0 0 
460990000000005     1630765209560386 0 0 0 0 1 0 0 0 0 0 
460990000000036     1630765209570797 0 0 0 0 1 0 0 0 0 0 
460990000000057     1630765209604961 0 0 0 0 1 0 0 0 0 0 
460990000000086     1630765209618360 0 0 0 0 1 0 0 0 0 0 
460990000000006     1630765209678449 0 0 0 0 1 0 0 0 0 0 
460990000000034     1630765209818678 0 0 0 0 1 0 0 0 0 0 
460990000000032     1630765209841278 0 0 0 0 1 0 0 0 0 0 
460990000000035     1630765209928245 0 0 0 0 1 0 0 0 0 0 
460990000000019     1630765209933274 0 0 0 0 1 0 0 0 0 0 
460990000000033     1630765209966153 0 0 0 0 1 0 0 0 0 0 
460990000000026     1630765209986733 0 0 0 0 1 0 0 0 0 0 
460990000000014     1630765209988891 0 0 0 0 1 0 0 0 0 0 
460990000000029     1630765210015684 0 0 0 0 1 0 0 0 0 0 
460990000000001     1630765210090217 0 0 0 0 1 0 0 0 0 0 
460990000000004     1630765210099453 0 0 0 0 1 0 0 0 0 0 
460990000000002     1630765210201511 0 0 0 0 1 0 0 0 0 0 
460990000000072     1630765210234977 0 0 0 0 1 0 0 0 0 0 
460990000000046     1630765210253513 0 0 0 0 1 0 0 0 0 0 
460990000000016     1630765210281717 0 0 0 0 1 0 0 0 0 0 
460990000000040     1630765210287024 0 0 0 0 1 0 0 0 0 0 
460990000000025     1630765210314720 0 0 0 0 1 0 0 0 0 0 
460990000000020     1630765210326574 0 0 0 0 1 0 0 0 0 0 
460990000000050     1630765210394177 0 0 0 0 1 0 0 0 0 0 
460990000000007     1630765210416718 0 0 0 0 1 0 0 0 0 0 
460990000000055     1630765210471583 0 0 0 0 1 0 0 0 0 0 
460990000000024     1630765210547370 0 0 0 0 1 0 0 0 0 0 
460990000000012     1630765210609082 0 0 0 0 1 0 0 0 0 0 
460990000000093     1630765210614170 0 0 0 0 0 1 0 0 0 0 
460990000000003     1630765210659162 0 0 0 0 1 0 0 0 0 0 
460990000000008     1630765210669929 0 0 0 0 1 0 0 0 0 0 
460990000000085     1630765210717293 0 0 0 0 0 1 0 0 0 0 
460990000000022     1630765210748509 0 0 0 0 1 0 0 0 0 0 
460990000000056     1630765210773183 0 0 0 0 1 0 0 0 0 0 
460990000000067     1630765210844035 0 0 0 0 1 0 0 0 0 0 
460990000000051     1630765210849050 0 0 0 0 1 0 0 0 0 0 
460990000000065     1630765210870390 0 0 0 0 1 0 0 0 0 0 
460990000000049     1630765210896353 0 0 0 0 1 0 0 0 0 0 
460990000000047     1630765210983782 0 0 0 0 1 0 0 0 0 0 
460990000000013     1630765211032926 0 0 0 0 1 0 0 0 0 0 
460990000000094     1630765211049937 0 0 0 0 0 1 0 0 0 0 
460990000000053     1630765211069102 0 0 0 0 1 0 0 0 0 0 
460990000000039     1630765211124164 0 0 0 0 1 0 0 0 0 0 
460990000000018     1630765211153056 0 0 0 0 1 0 0 0 0 0 
460990000000045     1630765211162854 0 0 0 0 1 0 0 0 0 0 
460990000000030     1630765211169140	1	0	0	0	0	0	0	0	0	0	
460990000000030     1630765211169346 0 1 0 0 0 0 0 0 0 0 
460990000000030     1630765211169482 0 0 1 0 0 0 0 0 0 0 
460990000000030     1630765211169997 0 0 0 1 0 0 0 0 0 0 
460990000000010     1630765211203208	1	0	0	0	0	0	0	0	0	0	
460990000000010     1630765211203352 0 1 0 0 0 0 0 0 0 0 
460990000000010     1630765211203536 0 0 1 0 0 0 0 0 0 0 
460990000000076     1630765211204129	1	0	0	0	0	0	0	0	0	0	
460990000000021     1630765211204157	1	0	0	0	0	0	0	0	0	0	
460990000000021     1630765211204275 0 1 0 0 0 0 0 0 0 0 
460990000000009     1630765211204328	1	0	0	0	0	0	0	0	0	0	
460990000000021     1630765211204352 0 0 1 0 0 0 0 0 0 0 
460990000000009     1630765211204388 0 1 0 0 0 0 0 0 0 0 
460990000000009     1630765211204493 0 0 1 0 0 0 0 0 0 0 
460990000000076     1630765211204566 0 1 0 0 0 0 0 0 0 0 
460990000000010     1630765211204629 0 0 0 1 0 0 0 0 0 0 
460990000000076     1630765211204696 0 0 1 0 0 0 0 0 0 0 
460990000000021     1630765211205115 0 0 0 1 0 0 0 0 0 0 
460990000000066     1630765211205126	1	0	0	0	0	0	0	0	0	0	
460990000000091     1630765211205155	1	0	0	0	0	0	0	0	0	0	
460990000000066     1630765211205245 0 1 0 0 0 0 0 0 0 0 
460990000000091     1630765211205327 0 1 0 0 0 0 0 0 0 0 
460990000000066     1630765211205350 0 0 1 0 0 0 0 0 0 0 
460990000000091     1630765211205416 0 0 1 0 0 0 0 0 0 0 
460990000000076     1630765211205517 0 0 0 1 0 0 0 0 0 0 
460990000000061     1630765211205531	1	0	0	0	0	0	0	0	0	0	
460990000000009     1630765211205673 0 0 0 1 0 0 0 0 0 0 
460990000000061     1630765211205688 0 1 0 0 0 0 0 0 0 0 
460990000000061     1630765211205827 0 0 1 0 0 0 0 0 0 0 
460990000000059     1630765211206064	1	0	0	0	0	0	0	0	0	0	
460990000000059     1630765211206149 0 1 0 0 0 0 0 0 0 0 
460990000000059     1630765211206216 0 0 1 0 0 0 0 0 0 0 
460990000000096     1630765211206260	1	0	0	0	0	0	0	0	0	0	
460990000000096     1630765211206372 0 1 0 0 0 0 0 0 0 0 
460990000000096     1630765211206474 0 0 1 0 0 0 0 0 0 0 
460990000000011     1630765211206579	1	0	0	0	0	0	0	0	0	0	
460990000000066     1630765211206649 0 0 0 1 0 0 0 0 0 0 
460990000000091     1630765211206688 0 0 0 1 0 0 0 0 0 0 
460990000000011     1630765211206725 0 1 0 0 0 0 0 0 0 0 
460990000000028     1630765211206889	1	0	0	0	0	0	0	0	0	0	
460990000000028     1630765211206972 0 1 0 0 0 0 0 0 0 0 
460990000000028     1630765211207060 0 0 1 0 0 0 0 0 0 0 
460990000000037     1630765211207106	1	0	0	0	0	0	0	0	0	0	
460990000000031     1630765211207131	1	0	0	0	0	0	0	0	0	0	
460990000000063     1630765211207135	1	0	0	0	0	0	0	0	0	0	
460990000000023     1630765211207147	1	0	0	0	0	0	0	0	0	0	
460990000000063     1630765211207246 0 1 0 0 0 0 0 0 0 0 
460990000000011     1630765211207243 0 0 1 0 0 0 0 0 0 0 
460990000000059     1630765211207331 0 0 0 1 0 0 0 0 0 0 
460990000000073     1630765211207351	1	0	0	0	0	0	0	0	0	0	
460990000000063     1630765211207373 0 0 1 0 0 0 0 0 0 0 
460990000000073     1630765211207450 0 1 0 0 0 0 0 0 0 0 
460990000000037     1630765211207480 0 1 0 0 0 0 0 0 0 0 
460990000000061     1630765211207582 0 0 0 1 0 0 0 0 0 0 
460990000000073     1630765211207589 0 0 1 0 0 0 0 0 0 0 
460990000000037     1630765211207660 0 0 1 0 0 0 0 0 0 0 
460990000000023     1630765211207751 0 1 0 0 0 0 0 0 0 0 
460990000000023     1630765211207860 0 0 1 0 0 0 0 0 0 0 
460990000000031     1630765211207890 0 1 0 0 0 0 0 0 0 0 
460990000000031     1630765211207983 0 0 1 0 0 0 0 0 0 0 
460990000000096     1630765211208019 0 0 0 1 0 0 0 0 0 0 
460990000000041     1630765211208078	1	0	0	0	0	0	0	0	0	0	
460990000000043     1630765211208132	1	0	0	0	0	0	0	0	0	0	
460990000000063     1630765211208288 0 0 0 1 0 0 0 0 0 0 
460990000000073     1630765211208319 0 0 0 1 0 0 0 0 0 0 
460990000000031     1630765211208786 0 0 0 1 0 0 0 0 0 0 
460990000000058     1630765211208965	1	0	0	0	0	0	0	0	0	0	
460990000000058     1630765211209074 0 1 0 0 0 0 0 0 0 0 
460990000000058     1630765211209156 0 0 1 0 0 0 0 0 0 0 
460990000000060     1630765211209264 0 0 0 0 1 0 0 0 0 0 
460990000000037     1630765211209278 0 0 0 1 0 0 0 0 0 0 
460990000000041     1630765211209500 0 1 0 0 0 0 0 0 0 0 
460990000000028     1630765211209523 0 0 0 1 0 0 0 0 0 0 
460990000000041     1630765211209577 0 0 1 0 0 0 0 0 0 0 
460990000000011     1630765211209620 0 0 0 1 0 0 0 0 0 0 
460990000000023     1630765211209697 0 0 0 1 0 0 0 0 0 0 
460990000000058     1630765211209871 0 0 0 1 0 0 0 0 0 0 
460990000000038     1630765211210080	1	0	0	0	0	0	0	0	0	0	
460990000000043     1630765211210118 0 1 0 0 0 0 0 0 0 0 
460990000000043     1630765211210218 0 0 1 0 0 0 0 0 0 0 
460990000000041     1630765211210387 0 0 0 1 0 0 0 0 0 0 
460990000000038     1630765211210479 0 1 0 0 0 0 0 0 0 0 
460990000000043     1630765211210875 0 0 0 1 0 0 0 0 0 0 
460990000000038     1630765211211023 0 0 1 0 0 0 0 0 0 0 
460990000000038     1630765211211340 0 0 0 1 0 0 0 0 0 0 
460990000000075     1630765211212105	1	0	0	0	0	0	0	0	0	0	
460990000000075     1630765211212234 0 1 0 0 0 0 0 0 0 0 
460990000000075     1630765211212329 0 0 1 0 0 0 0 0 0 0 
460990000000075     1630765211212768 0 0 0 1 0 0 0 0 0 0 
460990000000064     1630765211214135	1	0	0	0	0	0	0	0	0	0	
460990000000077     1630765211214238	1	0	0	0	0	0	0	0	0	0	
460990000000077     1630765211214337 0 1 0 0 0 0 0 0 0 0 
460990000000048     1630765211214387	1	0	0	0	0	0	0	0	0	0	
460990000000077     1630765211214468 0 0 1 0 0 0 0 0 0 0 
460990000000048     1630765211214485 0 1 0 0 0 0 0 0 0 0 
460990000000048     1630765211214805 0 0 1 0 0 0 0 0 0 0 
460990000000052     1630765211215123	1	0	0	0	0	0	0	0	0	0	
460990000000015     1630765211220631	1	0	0	0	0	0	0	0	0	0	
460990000000052     1630765211220722 0 1 0 0 0 0 0 0 0 0 
460990000000015     1630765211220755 0 1 0 0 0 0 0 0 0 0 
460990000000015     1630765211220836 0 0 1 0 0 0 0 0 0 0 
460990000000052     1630765211220846 0 0 1 0 0 0 0 0 0 0 
460990000000068     1630765211220997	1	0	0	0	0	0	0	0	0	0	
460990000000062     1630765211221019	1	0	0	0	0	0	0	0	0	0	
460990000000068     1630765211221098 0 1 0 0 0 0 0 0 0 0 
460990000000048     1630765211221086 0 0 0 1 0 0 0 0 0 0 
460990000000062     1630765211221107 0 1 0 0 0 0 0 0 0 0 
460990000000068     1630765211221183 0 0 1 0 0 0 0 0 0 0 
460990000000062     1630765211221236 0 0 1 0 0 0 0 0 0 0 
460990000000071     1630765211221472	1	0	0	0	0	0	0	0	0	0	
460990000000069     1630765211221471	1	0	0	0	0	0	0	0	0	0	
460990000000015     1630765211221490 0 0 0 1 0 0 0 0 0 0 
460990000000064     1630765211221452 0 1 0 0 0 0 0 0 0 0 
460990000000064     1630765211221662 0 0 1 0 0 0 0 0 0 0 
460990000000077     1630765211222943 0 0 0 1 0 0 0 0 0 0 
460990000000071     1630765211225093 0 1 0 0 0 0 0 0 0 0 
460990000000071     1630765211225312 0 0 1 0 0 0 0 0 0 0 
460990000000062     1630765211225707 0 0 0 1 0 0 0 0 0 0 
460990000000068     1630765211225810 0 0 0 1 0 0 0 0 0 0 
460990000000064     1630765211225880 0 0 0 1 0 0 0 0 0 0 
460990000000052     1630765211226129 0 0 0 1 0 0 0 0 0 0 
460990000000071     1630765211226177 0 0 0 1 0 0 0 0 0 0 
460990000000069     1630765211226328 0 1 0 0 0 0 0 0 0 0 
460990000000069     1630765211226450 0 0 1 0 0 0 0 0 0 0 
460990000000069     1630765211226821 0 0 0 1 0 0 0 0 0 0 
460990000000042     1630765211257603 0 0 0 0 1 0 0 0 0 0 
460990000000095     1630765211319350 0 0 0 0 1 0 0 0 0 0 
460990000000099     1630765211360439 0 0 0 0 0 1 0 0 0 0 
460990000000074     1630765211370624 0 0 0 0 1 0 0 0 0 0 
460990000000080     1630765211484445 0 0 0 0 0 1 0 0 0 0 
460990000000083     1630765211509791 0 0 0 0 0 1 0 0 0 0 
460990000000081     1630765211530308 0 0 0 0 0 1 0 0 0 0 
460990000000097     1630765211599413 0 0 0 0 0 1 0 0 0 0 
460990000000054     1630765211653314 0 0 0 0 1 0 0 0 0 0 
460990000000044     1630765211720733 0 0 0 0 1 0 0 0 0 0 
460990000000092     1630765211736984 0 0 0 0 0 1 0 0 0 0 
460990000000078     1630765211773770 0 0 0 0 1 0 0 0 0 0 
460990000000087     1630765211781002 0 0 0 0 0 1 0 0 0 0 
460990000000070     1630765211852190 0 0 0 0 1 0 0 0 0 0 
460990000000036     1630765211940820 0 0 0 0 0 1 0 0 0 0 
460990000000090     1630765211991118 0 0 0 0 0 1 0 0 0 0 
460990000000089     1630765212015704 0 0 0 0 0 1 0 0 0 0 
460990000000082     1630765212206608 0 0 0 0 0 1 0 0 0 0 
460990000000088     1630765212249327 0 0 0 0 0 1 0 0 0 0 
460990000000005     1630765212265571 0 0 0 0 0 1 0 0 0 0 
460990000000057     1630765212369748 0 0 0 0 0 1 0 0 0 0 
460990000000086     1630765212476369 0 0 0 0 0 1 0 0 0 0 
460990000000100     1630765212527836 0 0 0 0 0 1 0 0 0 0 
460990000000014     1630765212589041 0 0 0 0 0 1 0 0 0 0 
460990000000026     1630765212606778 0 0 0 0 0 1 0 0 0 0 
460990000000006     1630765212683362 0 0 0 0 0 1 0 0 0 0 
460990000000098     1630765212759447 0 0 0 0 0 1 0 0 0 0 
460990000000029     1630765212921736 0 0 0 0 0 1 0 0 0 0 
460990000000034     1630765212941609 0 0 0 0 0 1 0 0 0 0 
460990000000084     1630765213028307 0 0 0 0 0 1 0 0 0 0 
460990000000020     1630765213124717 0 0 0 0 0 1 0 0 0 0 
460990000000001     1630765213156416 0 0 0 0 0 1 0 0 0 0 
460990000000017     1630765213265835 0 0 0 0 0 1 0 0 0 0 
460990000000025     1630765213288101 0 0 0 0 0 1 0 0 0 0 
460990000000004     1630765213363179 0 0 0 0 0 1 0 0 0 0 
460990000000079     1630765213514433 0 0 0 0 0 1 0 0 0 0 
460990000000050     1630765213568185 0 0 0 0 0 1 0 0 0 0 
460990000000002     1630765213629432 0 0 0 0 0 1 0 0 0 0 
460990000000085     1630765213702034 0 0 0 0 0 0 1 0 0 0 
460990000000085     1630765213702305 0 0 0 0 0 0 0 1 0 0 
460990000000027     1630765213742342 0 0 0 0 0 1 0 0 0 0 
460990000000022     1630765213792064 0 0 0 0 0 1 0 0 0 0 
460990000000007     1630765213873192 0 0 0 0 0 1 0 0 0 0 
460990000000032     1630765214002356 0 0 0 0 0 1 0 0 0 0 
460990000000055     1630765214089339 0 0 0 0 0 1 0 0 0 0 
460990000000056     1630765214102506 0 0 0 0 0 1 0 0 0 0 
460990000000035     1630765214251695 0 0 0 0 0 1 0 0 0 0 
460990000000024     1630765214303357 0 0 0 0 0 1 0 0 0 0 
460990000000053     1630765214320026 0 0 0 0 0 1 0 0 0 0 
460990000000039     1630765214431732 0 0 0 0 0 1 0 0 0 0 
460990000000066     1630765214432905 0 0 0 0 1 0 0 0 0 0 
460990000000019     1630765214478897 0 0 0 0 0 1 0 0 0 0 
460990000000067     1630765214549612 0 0 0 0 0 1 0 0 0 0 
460990000000018     1630765214742484 0 0 0 0 0 1 0 0 0 0 
460990000000051     1630765214837429 0 0 0 0 0 1 0 0 0 0 
460990000000059     1630765214838198 0 0 0 0 1 0 0 0 0 0 
460990000000033     1630765214856961 0 0 0 0 0 1 0 0 0 0 
460990000000061     1630765214881953 0 0 0 0 1 0 0 0 0 0 
460990000000060     1630765214925951 0 0 0 0 0 1 0 0 0 0 
460990000000023     1630765214948617 0 0 0 0 1 0 0 0 0 0 
460990000000058     1630765214997666 0 0 0 0 1 0 0 0 0 0 
460990000000065     1630765215032152 0 0 0 0 0 1 0 0 0 0 
460990000000072     1630765215133133 0 0 0 0 0 1 0 0 0 0 
460990000000068     1630765215141624 0 0 0 0 1 0 0 0 0 0 
460990000000062     1630765215170316 0 0 0 0 1 0 0 0 0 0 
460990000000064     1630765215228950 0 0 0 0 1 0 0 0 0 0 
460990000000045     1630765215248851 0 0 0 0 0 1 0 0 0 0 
460990000000030     1630765215317027 0 0 0 0 1 0 0 0 0 0 
460990000000071     1630765215326369 0 0 0 0 1 0 0 0 0 0 
460990000000046     1630765215362355 0 0 0 0 0 1 0 0 0 0 
460990000000010     1630765215373423 0 0 0 0 1 0 0 0 0 0 
460990000000096     1630765215416968 0 0 0 0 1 0 0 0 0 0 
460990000000073     1630765215468182 0 0 0 0 1 0 0 0 0 0 
460990000000052     1630765215507456 0 0 0 0 1 0 0 0 0 0 
460990000000031     1630765215531975 0 0 0 0 1 0 0 0 0 0 
460990000000016     1630765215571401 0 0 0 0 0 1 0 0 0 0 
460990000000041     1630765215587053 0 0 0 0 1 0 0 0 0 0 
460990000000069     1630765215617921 0 0 0 0 1 0 0 0 0 0 
460990000000043     1630765215734004 0 0 0 0 1 0 0 0 0 0 
460990000000040     1630765215790046 0 0 0 0 0 1 0 0 0 0 
460990000000038     1630765215860323 0 0 0 0 1 0 0 0 0 0 
460990000000042     1630765215929388 0 0 0 0 0 1 0 0 0 0 
460990000000012     1630765215985121 0 0 0 0 0 1 0 0 0 0 
460990000000095     1630765216175099 0 0 0 0 0 1 0 0 0 0 
460990000000093     1630765216219886 0 0 0 0 0 0 1 0 0 0 
460990000000093     1630765216220072 0 0 0 0 0 0 0 1 0 0 
460990000000099     1630765216364422 0 0 0 0 0 0 1 0 0 0 
460990000000099     1630765216364637 0 0 0 0 0 0 0 1 0 0 
460990000000003     1630765216425994 0 0 0 0 0 1 0 0 0 0 
460990000000097     1630765216485359 0 0 0 0 0 0 1 0 0 0 
460990000000097     1630765216485564 0 0 0 0 0 0 0 1 0 0 
460990000000074     1630765216555638 0 0 0 0 0 1 0 0 0 0 
460990000000008     1630765216730700 0 0 0 0 0 1 0 0 0 0 
460990000000080     1630765216766284 0 0 0 0 0 0 1 0 0 0 
460990000000080     1630765216766519 0 0 0 0 0 0 0 1 0 0 
460990000000054     1630765216796812 0 0 0 0 0 1 0 0 0 0 
460990000000044     1630765216835324 0 0 0 0 0 1 0 0 0 0 
460990000000092     1630765217022988 0 0 0 0 0 0 1 0 0 0 
460990000000092     1630765217023280 0 0 0 0 0 0 0 1 0 0 
460990000000049     1630765217096182 0 0 0 0 0 1 0 0 0 0 
460990000000083     1630765217099812 0 0 0 0 0 0 1 0 0 0 
460990000000083     1630765217100066 0 0 0 0 0 0 0 1 0 0 
460990000000078     1630765217247509 0 0 0 0 0 1 0 0 0 0 
460990000000022     1630765217295757 0 0 0 0 0 0 1 0 0 0 
460990000000022     1630765217295979 0 0 0 0 0 0 0 1 0 0 
460990000000047     1630765217319854 0 0 0 0 0 1 0 0 0 0 
460990000000087     1630765217484552 0 0 0 0 0 0 1 0 0 0 
460990000000087     1630765217484832 0 0 0 0 0 0 0 1 0 0 
460990000000013     1630765217538820 0 0 0 0 0 1 0 0 0 0 
460990000000070     1630765217685921 0 0 0 0 0 1 0 0 0 0 
460990000000081     1630765217725754 0 0 0 0 0 0 1 0 0 0 
460990000000081     1630765217725963 0 0 0 0 0 0 0 1 0 0 
460990000000094     1630765217773711 0 0 0 0 0 0 1 0 0 0 
460990000000094     1630765217773909 0 0 0 0 0 0 0 1 0 0 
460990000000021     1630765217826176 0 0 0 0 1 0 0 0 0 0 
460990000000076     1630765217873408 0 0 0 0 1 0 0 0 0 0 
460990000000009     1630765217938467 0 0 0 0 1 0 0 0 0 0 
460990000000091     1630765218002118 0 0 0 0 1 0 0 0 0 0 
460990000000036     1630765218020722 0 0 0 0 0 0 1 0 0 0 
460990000000036     1630765218020898 0 0 0 0 0 0 0 1 0 0 
460990000000063     1630765218059701 0 0 0 0 1 0 0 0 0 0 
460990000000028     1630765218104977 0 0 0 0 1 0 0 0 0 0 
460990000000007     1630765218135989 0 0 0 0 0 0 1 0 0 0 
460990000000007     1630765218136174 0 0 0 0 0 0 0 1 0 0 
460990000000037     1630765218158145 0 0 0 0 1 0 0 0 0 0 
460990000000011     1630765218203137 0 0 0 0 1 0 0 0 0 0 
460990000000075     1630765218247957 0 0 0 0 1 0 0 0 0 0 
460990000000055     1630765218260766 0 0 0 0 0 0 1 0 0 0 
460990000000055     1630765218261056 0 0 0 0 0 0 0 1 0 0 
460990000000015     1630765218291370 0 0 0 0 1 0 0 0 0 0 
460990000000077     1630765218330552 0 0 0 0 1 0 0 0 0 0 
460990000000032     1630765218343270 0 0 0 0 0 0 1 0 0 0 
460990000000032     1630765218343446 0 0 0 0 0 0 0 1 0 0 
460990000000048     1630765218391847 0 0 0 0 1 0 0 0 0 0 
460990000000056     1630765218469942 0 0 0 0 0 0 1 0 0 0 
460990000000056     1630765218470149 0 0 0 0 0 0 0 1 0 0 
460990000000090     1630765218531754 0 0 0 0 0 0 1 0 0 0 
460990000000090     1630765218531972 0 0 0 0 0 0 0 1 0 0 
460990000000084     1630765218578727 0 0 0 0 0 0 1 0 0 0 
460990000000084     1630765218578933 0 0 0 0 0 0 0 1 0 0 
460990000000035     1630765218681352 0 0 0 0 0 0 1 0 0 0 
460990000000035     1630765218681562 0 0 0 0 0 0 0 1 0 0 
460990000000020     1630765218814618 0 0 0 0 0 0 1 0 0 0 
460990000000020     1630765218814985 0 0 0 0 0 0 0 1 0 0 
460990000000024     1630765218896744 0 0 0 0 0 0 1 0 0 0 
460990000000024     1630765218897068 0 0 0 0 0 0 0 1 0 0 
460990000000089     1630765218965430 0 0 0 0 0 0 1 0 0 0 
460990000000089     1630765218965711 0 0 0 0 0 0 0 1 0 0 
460990000000082     1630765219056118 0 0 0 0 0 0 1 0 0 0 
460990000000082     1630765219056309 0 0 0 0 0 0 0 1 0 0 
460990000000053     1630765219106727 0 0 0 0 0 0 1 0 0 0 
460990000000053     1630765219106966 0 0 0 0 0 0 0 1 0 0 
460990000000001     1630765219190628 0 0 0 0 0 0 1 0 0 0 
460990000000001     1630765219190816 0 0 0 0 0 0 0 1 0 0 
460990000000088     1630765219232634 0 0 0 0 0 0 1 0 0 0 
460990000000088     1630765219232830 0 0 0 0 0 0 0 1 0 0 
460990000000005     1630765219428109 0 0 0 0 0 0 1 0 0 0 
460990000000005     1630765219428313 0 0 0 0 0 0 0 1 0 0 
460990000000017     1630765219461326 0 0 0 0 0 0 1 0 0 0 
460990000000017     1630765219461527 0 0 0 0 0 0 0 1 0 0 
460990000000039     1630765219535849 0 0 0 0 0 0 1 0 0 0 
460990000000039     1630765219536109 0 0 0 0 0 0 0 1 0 0 
460990000000099     1630765219604030 0 0 0 0 0 0 0 0 1 0 
460990000000057     1630765219637071 0 0 0 0 0 0 1 0 0 0 
460990000000057     1630765219637364 0 0 0 0 0 0 0 1 0 0 
460990000000025     1630765219657720 0 0 0 0 0 0 1 0 0 0 
460990000000025     1630765219657999 0 0 0 0 0 0 0 1 0 0 
460990000000086     1630765219828637 0 0 0 0 0 0 1 0 0 0 
460990000000086     1630765219828954 0 0 0 0 0 0 0 1 0 0 
460990000000004     1630765219862204 0 0 0 0 0 0 1 0 0 0 
460990000000004     1630765219862497 0 0 0 0 0 0 0 1 0 0 
460990000000100     1630765220039568 0 0 0 0 0 0 1 0 0 0 
460990000000100     1630765220039753 0 0 0 0 0 0 0 1 0 0 
460990000000066     1630765220071232 0 0 0 0 0 1 0 0 0 0 
460990000000079     1630765220093546 0 0 0 0 0 0 1 0 0 0 
460990000000079     1630765220093801 0 0 0 0 0 0 0 1 0 0 
460990000000014     1630765220223937 0 0 0 0 0 0 1 0 0 0 
460990000000014     1630765220224139 0 0 0 0 0 0 0 1 0 0 
460990000000050     1630765220320676 0 0 0 0 0 0 1 0 0 0 
460990000000050     1630765220320894 0 0 0 0 0 0 0 1 0 0 
460990000000026     1630765220399378 0 0 0 0 0 0 1 0 0 0 
460990000000026     1630765220399572 0 0 0 0 0 0 0 1 0 0 
460990000000002     1630765220539723 0 0 0 0 0 0 1 0 0 0 
460990000000002     1630765220539924 0 0 0 0 0 0 0 1 0 0 
460990000000006     1630765220595204 0 0 0 0 0 0 1 0 0 0 
460990000000006     1630765220595393 0 0 0 0 0 0 0 1 0 0 
460990000000019     1630765220629311 0 0 0 0 0 0 1 0 0 0 
460990000000019     1630765220629612 0 0 0 0 0 0 0 1 0 0 
460990000000003     1630765220699664 0 0 0 0 0 0 1 0 0 0 
460990000000003     1630765220699915 0 0 0 0 0 0 0 1 0 0 
460990000000085     1630765220735905 0 0 0 0 0 0 0 0 1 0 
460990000000067     1630765220849519 0 0 0 0 0 0 1 0 0 0 
460990000000067     1630765220849829 0 0 0 0 0 0 0 1 0 0 
460990000000027     1630765221151265 0 0 0 0 0 0 1 0 0 0 
460990000000027     1630765221151473 0 0 0 0 0 0 0 1 0 0 
460990000000098     1630765221162670 0 0 0 0 0 0 1 0 0 0 
460990000000098     1630765221162855 0 0 0 0 0 0 0 1 0 0 
460990000000018     1630765221173425 0 0 0 0 0 0 1 0 0 0 
460990000000018     1630765221173586 0 0 0 0 0 0 0 1 0 0 
460990000000029     1630765221351883 0 0 0 0 0 0 1 0 0 0 
460990000000029     1630765221352148 0 0 0 0 0 0 0 1 0 0 
460990000000074     1630765221364865 0 0 0 0 0 0 1 0 0 0 
460990000000074     1630765221365064 0 0 0 0 0 0 0 1 0 0 
460990000000041     1630765221400862 0 0 0 0 0 1 0 0 0 0 
460990000000097     1630765221505294 0 0 0 0 0 0 0 0 1 0 
460990000000069     1630765221601572 0 0 0 0 0 1 0 0 0 0 
460990000000034     1630765221620222 0 0 0 0 0 0 1 0 0 0 
460990000000034     1630765221620410 0 0 0 0 0 0 0 1 0 0 
460990000000008     1630765221686151 0 0 0 0 0 0 1 0 0 0 
460990000000008     1630765221686342 0 0 0 0 0 0 0 1 0 0 
460990000000043     1630765221808087 0 0 0 0 0 1 0 0 0 0 
460990000000051     1630765221825677 0 0 0 0 0 0 1 0 0 0 
460990000000051     1630765221825860 0 0 0 0 0 0 0 1 0 0 
460990000000080     1630765221901563 0 0 0 0 0 0 0 0 1 0 
460990000000059     1630765222023879 0 0 0 0 0 1 0 0 0 0 
460990000000040     1630765222050437 0 0 0 0 0 0 1 0 0 0 
460990000000040     1630765222050617 0 0 0 0 0 0 0 1 0 0 
460990000000033     1630765222232352 0 0 0 0 0 0 1 0 0 0 
460990000000033     1630765222232533 0 0 0 0 0 0 0 1 0 0 
460990000000038     1630765222322733 0 0 0 0 0 1 0 0 0 0 
460990000000054     1630765222376646 0 0 0 0 0 0 1 0 0 0 
460990000000054     1630765222376877 0 0 0 0 0 0 0 1 0 0 
460990000000061     1630765222412597 0 0 0 0 0 1 0 0 0 0 
460990000000042     1630765222532784 0 0 0 0 0 0 1 0 0 0 
460990000000042     1630765222533130 0 0 0 0 0 0 0 1 0 0 
460990000000099     1630765222548058 0 0 0 0 0 0 0 0 0 1 
460990000000044     1630765222566380 0 0 0 0 0 0 1 0 0 0 
460990000000044     1630765222566563 0 0 0 0 0 0 0 1 0 0 
460990000000060     1630765222639720 0 0 0 0 0 0 1 0 0 0 
460990000000060     1630765222641560 0 0 0 0 0 0 0 1 0 0 
460990000000012     1630765222762593 0 0 0 0 0 0 1 0 0 0 
460990000000012     1630765222762953 0 0 0 0 0 0 0 1 0 0 
460990000000023     1630765222849736 0 0 0 0 0 1 0 0 0 0 
460990000000092     1630765222872330 0 0 0 0 0 0 0 0 1 0 
460990000000095     1630765222975311 0 0 0 0 0 0 1 0 0 0 
460990000000095     1630765222975598 0 0 0 0 0 0 0 1 0 0 
460990000000058     1630765223045442 0 0 0 0 0 1 0 0 0 0 
460990000000093     1630765223221933 0 0 0 0 0 0 0 0 1 0 
460990000000065     1630765223263865 0 0 0 0 0 0 1 0 0 0 
460990000000065     1630765223264097 0 0 0 0 0 0 0 1 0 0 
460990000000049     1630765223339768 0 0 0 0 0 0 1 0 0 0 
460990000000049     1630765223339974 0 0 0 0 0 0 0 1 0 0 
460990000000072     1630765223479444 0 0 0 0 0 0 1 0 0 0 
460990000000072     1630765223479670 0 0 0 0 0 0 0 1 0 0 
460990000000083     1630765223538987 0 0 0 0 0 0 0 0 1 0 
460990000000009     1630765223560589 0 0 0 0 0 1 0 0 0 0 
460990000000037     1630765223625491 0 0 0 0 0 1 0 0 0 0 
460990000000068     1630765223659253 0 0 0 0 0 1 0 0 0 0 
460990000000085     1630765223790932 0 0 0 0 0 0 0 0 0 1 
460990000000062     1630765223906544 0 0 0 0 0 1 0 0 0 0 
460990000000091     1630765223943837 0 0 0 0 0 1 0 0 0 0 
460990000000064     1630765224111531 0 0 0 0 0 1 0 0 0 0 
460990000000036     1630765224177043 0 0 0 0 0 0 0 0 1 0 
460990000000078     1630765224377957 0 0 0 0 0 0 1 0 0 0 
460990000000078     1630765224378154 0 0 0 0 0 0 0 1 0 0 
460990000000045     1630765224379072 0 0 0 0 0 0 1 0 0 0 
460990000000045     1630765224379232 0 0 0 0 0 0 0 1 0 0 
460990000000011     1630765224521259 0 0 0 0 0 1 0 0 0 0 
460990000000063     1630765224577772 0 0 0 0 0 1 0 0 0 0 
460990000000030     1630765224590028 0 0 0 0 0 1 0 0 0 0 
460990000000080     1630765224621703 0 0 0 0 0 0 0 0 0 1 
460990000000075     1630765224687798 0 0 0 0 0 1 0 0 0 0 
460990000000015     1630765224744372 0 0 0 0 0 1 0 0 0 0 
460990000000028     1630765224792132 0 0 0 0 0 1 0 0 0 0 
460990000000097     1630765224895776 0 0 0 0 0 0 0 0 0 1 
460990000000077     1630765224946202 0 0 0 0 0 1 0 0 0 0 
460990000000071     1630765225015868 0 0 0 0 0 1 0 0 0 0 
460990000000007     1630765225034575 0 0 0 0 0 0 0 0 1 0 
460990000000046     1630765225232658 0 0 0 0 0 0 1 0 0 0 
460990000000046     1630765225232853 0 0 0 0 0 0 0 1 0 0 
460990000000032     1630765225238517 0 0 0 0 0 0 0 0 1 0 
460990000000093     1630765225244457 0 0 0 0 0 0 0 0 0 1 
460990000000010     1630765225453343 0 0 0 0 0 1 0 0 0 0 
460990000000048     1630765225676359 0 0 0 0 0 1 0 0 0 0 
460990000000096     1630765225685364 0 0 0 0 0 1 0 0 0 0 
460990000000055     1630765225691738 0 0 0 0 0 0 0 0 1 0 
460990000000073     1630765225900372 0 0 0 0 0 1 0 0 0 0 
460990000000036     1630765225900489 0 0 0 0 0 0 0 0 0 1 
460990000000092     1630765225908378 0 0 0 0 0 0 0 0 0 1 
460990000000024     1630765225944628 0 0 0 0 0 0 0 0 1 0 
460990000000052     1630765226062463 0 0 0 0 0 1 0 0 0 0 
460990000000083     1630765226255240 0 0 0 0 0 0 0 0 0 1 
460990000000031     1630765226271202 0 0 0 0 0 1 0 0 0 0 
460990000000016     1630765226497713 0 0 0 0 0 0 1 0 0 0 
460990000000016     1630765226498025 0 0 0 0 0 0 0 1 0 0 
460990000000089     1630765226499317 0 0 0 0 0 0 0 0 1 0 
460990000000007     1630765226687865 0 0 0 0 0 0 0 0 0 1 
460990000000022     1630765226688400 0 0 0 0 0 0 0 0 1 0 
460990000000032     1630765226892756 0 0 0 0 0 0 0 0 0 1 
460990000000082     1630765226900519 0 0 0 0 0 0 0 0 1 0 
460990000000047     1630765227102158 0 0 0 0 0 0 1 0 0 0 
460990000000047     1630765227102363 0 0 0 0 0 0 0 1 0 0 
460990000000055     1630765227163364 0 0 0 0 0 0 0 0 0 1 
460990000000087     1630765227287453 0 0 0 0 0 0 0 0 1 0 
460990000000053     1630765227316736 0 0 0 0 0 0 0 0 1 0 
460990000000013     1630765227679304 0 0 0 0 0 0 1 0 0 0 
460990000000013     1630765227679571 0 0 0 0 0 0 0 1 0 0 
460990000000001     1630765227707394 0 0 0 0 0 0 0 0 1 0 
460990000000070     1630765227870936 0 0 0 0 0 0 1 0 0 0 
460990000000070     1630765227871168 0 0 0 0 0 0 0 1 0 0 
460990000000081     1630765228093024 0 0 0 0 0 0 0 0 1 0 
460990000000088     1630765228269549 0 0 0 0 0 0 0 0 1 0 
460990000000039     1630765228269557 0 0 0 0 0 0 0 0 1 0 
460990000000017     1630765228269550 0 0 0 0 0 0 0 0 1 0 
460990000000094     1630765228507293 0 0 0 0 0 0 0 0 1 0 
460990000000005     1630765228710460 0 0 0 0 0 0 0 0 1 0 
460990000000057     1630765228710459 0 0 0 0 0 0 0 0 1 0 
460990000000024     1630765228916691 0 0 0 0 0 0 0 0 0 1 
460990000000089     1630765228934327 0 0 0 0 0 0 0 0 0 1 
460990000000021     1630765229044763 0 0 0 0 0 1 0 0 0 0 
460990000000076     1630765229239033 0 0 0 0 0 1 0 0 0 0 
460990000000082     1630765229319758 0 0 0 0 0 0 0 0 0 1 
460990000000025     1630765229330149 0 0 0 0 0 0 0 0 1 0 
460990000000056     1630765229530607 0 0 0 0 0 0 0 0 1 0 
460990000000086     1630765229736893 0 0 0 0 0 0 0 0 1 0 
460990000000088     1630765229736951 0 0 0 0 0 0 0 0 0 1 
460990000000053     1630765229806255 0 0 0 0 0 0 0 0 0 1 
460990000000090     1630765229824488 0 0 0 0 0 0 0 0 1 0 
460990000000017     1630765230165646 0 0 0 0 0 0 0 0 0 1 
460990000000084     1630765230191978 0 0 0 0 0 0 0 0 1 0 
460990000000039     1630765230396721 0 0 0 0 0 0 0 0 0 1 
460990000000057     1630765230535192 0 0 0 0 0 0 0 0 0 1 
460990000000035     1630765230535818 0 0 0 0 0 0 0 0 1 0 
460990000000001     1630765230740647 0 0 0 0 0 0 0 0 0 1 
460990000000020     1630765230908542 0 0 0 0 0 0 0 0 1 0 
460990000000022     1630765231278692 0 0 0 0 0 0 0 0 0 1 
460990000000087     1630765231442530 0 0 0 0 0 0 0 0 0 1 
460990000000086     1630765231451972 0 0 0 0 0 0 0 0 0 1 
460990000000004     1630765231608627 0 0 0 0 0 0 0 0 1 0 
460990000000025     1630765231808860 0 0 0 0 0 0 0 0 0 1 
460990000000005     1630765231839266 0 0 0 0 0 0 0 0 0 1 
460990000000100     1630765231938590 0 0 0 0 0 0 0 0 1 0 
460990000000066     1630765232306213 0 0 0 0 0 0 1 0 0 0 
460990000000066     1630765232306426 0 0 0 0 0 0 0 1 0 0 
460990000000079     1630765232485311 0 0 0 0 0 0 0 0 1 0 
460990000000081     1630765232673994 0 0 0 0 0 0 0 0 0 1 
460990000000094     1630765232851739 0 0 0 0 0 0 0 0 0 1 
460990000000056     1630765233011382 0 0 0 0 0 0 0 0 0 1 
460990000000090     1630765233477188 0 0 0 0 0 0 0 0 0 1 
460990000000035     1630765233637959 0 0 0 0 0 0 0 0 0 1 
460990000000084     1630765233826096 0 0 0 0 0 0 0 0 0 1 
460990000000004     1630765233996391 0 0 0 0 0 0 0 0 0 1 
460990000000020     1630765234129352 0 0 0 0 0 0 0 0 0 1 
460990000000014     1630765234320217 0 0 0 0 0 0 0 0 1 0 
460990000000100     1630765234761235 0 0 0 0 0 0 0 0 0 1 
460990000000079     1630765235110015 0 0 0 0 0 0 0 0 0 1 
460990000000050     1630765235265343 0 0 0 0 0 0 0 0 1 0 
460990000000067     1630765235466275 0 0 0 0 0 0 0 0 1 0 
460990000000006     1630765235466748 0 0 0 0 0 0 0 0 1 0 
460990000000026     1630765235670001 0 0 0 0 0 0 0 0 1 0 
460990000000019     1630765235874289 0 0 0 0 0 0 0 0 1 0 
460990000000002     1630765236078568 0 0 0 0 0 0 0 0 1 0 
460990000000003     1630765236282021 0 0 0 0 0 0 0 0 1 0 
460990000000014     1630765236287521 0 0 0 0 0 0 0 0 0 1 
460990000000029     1630765236486000 0 0 0 0 0 0 0 0 1 0 
460990000000002     1630765236694157 0 0 0 0 0 0 0 0 0 1 
460990000000027     1630765236694325 0 0 0 0 0 0 0 0 1 0 
460990000000050     1630765236795424 0 0 0 0 0 0 0 0 0 1 
460990000000074     1630765236836769 0 0 0 0 0 0 0 0 1 0 
460990000000034     1630765237037996 0 0 0 0 0 0 0 0 1 0 
460990000000019     1630765237244468 0 0 0 0 0 0 0 0 0 1 
460990000000006     1630765237410811 0 0 0 0 0 0 0 0 0 1 
460990000000041     1630765237497422 0 0 0 0 0 0 1 0 0 0 
460990000000041     1630765237497636 0 0 0 0 0 0 0 1 0 0 
460990000000098     1630765237529306 0 0 0 0 0 0 0 0 1 0 
460990000000008     1630765237654473 0 0 0 0 0 0 0 0 1 0 
460990000000069     1630765237858195 0 0 0 0 0 0 1 0 0 0 
460990000000069     1630765237858457 0 0 0 0 0 0 0 1 0 0 
460990000000029     1630765237923602 0 0 0 0 0 0 0 0 0 1 
460990000000043     1630765238000370 0 0 0 0 0 0 1 0 0 0 
460990000000043     1630765238000640 0 0 0 0 0 0 0 1 0 0 
460990000000051     1630765238184578 0 0 0 0 0 0 0 0 1 0 
460990000000003     1630765238358746 0 0 0 0 0 0 0 0 0 1 
460990000000026     1630765238534964 0 0 0 0 0 0 0 0 0 1 
460990000000018     1630765238589507 0 0 0 0 0 0 0 0 1 0 
460990000000074     1630765238711064 0 0 0 0 0 0 0 0 0 1 
460990000000059     1630765238711161 0 0 0 0 0 0 1 0 0 0 
460990000000033     1630765238711268 0 0 0 0 0 0 0 0 1 0 
460990000000059     1630765238711388 0 0 0 0 0 0 0 1 0 0 
460990000000040     1630765238911136 0 0 0 0 0 0 0 0 1 0 
460990000000038     1630765239157798 0 0 0 0 0 0 1 0 0 0 
460990000000038     1630765239158010 0 0 0 0 0 0 0 1 0 0 
460990000000034     1630765239276411 0 0 0 0 0 0 0 0 0 1 
460990000000054     1630765239376132 0 0 0 0 0 0 0 0 1 0 
460990000000008     1630765239447375 0 0 0 0 0 0 0 0 0 1 
460990000000067     1630765239613927 0 0 0 0 0 0 0 0 0 1 
460990000000051     1630765239647137 0 0 0 0 0 0 0 0 0 1 
460990000000061     1630765239784371 0 0 0 0 0 0 1 0 0 0 
460990000000061     1630765239784655 0 0 0 0 0 0 0 1 0 0 
460990000000042     1630765240055256 0 0 0 0 0 0 0 0 1 0 
460990000000040     1630765240367875 0 0 0 0 0 0 0 0 0 1 
460990000000027     1630765240406679 0 0 0 0 0 0 0 0 0 1 
460990000000044     1630765240429970 0 0 0 0 0 0 0 0 1 0 
460990000000033     1630765240680137 0 0 0 0 0 0 0 0 0 1 
460990000000095     1630765240829860 0 0 0 0 0 0 0 0 1 0 
460990000000054     1630765241038482 0 0 0 0 0 0 0 0 0 1 
460990000000060     1630765241370608 0 0 0 0 0 0 0 0 1 0 
460990000000009     1630765241526911 0 0 0 0 0 0 1 0 0 0 
460990000000009     1630765241527101 0 0 0 0 0 0 0 1 0 0 
460990000000058     1630765241527702 0 0 0 0 0 0 1 0 0 0 
460990000000058     1630765241527952 0 0 0 0 0 0 0 1 0 0 
460990000000042     1630765241732348 0 0 0 0 0 0 0 0 0 1 
460990000000065     1630765241732359 0 0 0 0 0 0 0 0 1 0 
460990000000037     1630765241936335 0 0 0 0 0 0 1 0 0 0 
460990000000037     1630765241936544 0 0 0 0 0 0 0 1 0 0 
460990000000011     1630765241994344 0 0 0 0 0 0 1 0 0 0 
460990000000011     1630765241994593 0 0 0 0 0 0 0 1 0 0 
460990000000049     1630765242055288 0 0 0 0 0 0 0 0 1 0 
460990000000068     1630765242144109 0 0 0 0 0 0 1 0 0 0 
460990000000068     1630765242144311 0 0 0 0 0 0 0 1 0 0 
460990000000063     1630765242208507 0 0 0 0 0 0 1 0 0 0 
460990000000063     1630765242208750 0 0 0 0 0 0 0 1 0 0 
460990000000062     1630765242366866 0 0 0 0 0 0 1 0 0 0 
460990000000062     1630765242367147 0 0 0 0 0 0 0 1 0 0 
460990000000098     1630765242376736 0 0 0 0 0 0 0 0 0 1 
460990000000030     1630765242538665 0 0 0 0 0 0 1 0 0 0 
460990000000030     1630765242538838 0 0 0 0 0 0 0 1 0 0 
460990000000012     1630765242548133 0 0 0 0 0 0 0 0 1 0 
460990000000091     1630765242597766 0 0 0 0 0 0 1 0 0 0 
460990000000091     1630765242597987 0 0 0 0 0 0 0 1 0 0 
460990000000072     1630765242714113 0 0 0 0 0 0 0 0 1 0 
460990000000075     1630765242776064 0 0 0 0 0 0 1 0 0 0 
460990000000075     1630765242776269 0 0 0 0 0 0 0 1 0 0 
460990000000064     1630765242819437 0 0 0 0 0 0 1 0 0 0 
460990000000064     1630765242819640 0 0 0 0 0 0 0 1 0 0 
460990000000095     1630765242896994 0 0 0 0 0 0 0 0 0 1 
460990000000015     1630765242975016 0 0 0 0 0 0 1 0 0 0 
460990000000015     1630765242975240 0 0 0 0 0 0 0 1 0 0 
460990000000078     1630765243001983 0 0 0 0 0 0 0 0 1 0 
460990000000065     1630765243144553 0 0 0 0 0 0 0 0 0 1 
460990000000028     1630765243186405 0 0 0 0 0 0 1 0 0 0 
460990000000028     1630765243186624 0 0 0 0 0 0 0 1 0 0 
460990000000045     1630765243371969 0 0 0 0 0 0 0 0 1 0 
460990000000077     1630765243407357 0 0 0 0 0 0 1 0 0 0 
460990000000077     1630765243407554 0 0 0 0 0 0 0 1 0 0 
460990000000023     1630765243553177 0 0 0 0 0 0 1 0 0 0 
460990000000023     1630765243553371 0 0 0 0 0 0 0 1 0 0 
460990000000071     1630765243656013 0 0 0 0 0 0 1 0 0 0 
460990000000071     1630765243656221 0 0 0 0 0 0 0 1 0 0 
460990000000072     1630765243711553 0 0 0 0 0 0 0 0 0 1 
460990000000046     1630765243842050 0 0 0 0 0 0 0 0 1 0 
460990000000049     1630765243996316 0 0 0 0 0 0 0 0 0 1 
460990000000018     1630765244310506 0 0 0 0 0 0 0 0 0 1 
460990000000078     1630765244446713 0 0 0 0 0 0 0 0 0 1 
460990000000044     1630765244463129 0 0 0 0 0 0 0 0 0 1 
460990000000073     1630765244466706 0 0 0 0 0 0 1 0 0 0 
460990000000073     1630765244466912 0 0 0 0 0 0 0 1 0 0 
460990000000045     1630765244945494 0 0 0 0 0 0 0 0 0 1 
460990000000052     1630765245025284 0 0 0 0 0 0 1 0 0 0 
460990000000052     1630765245025480 0 0 0 0 0 0 0 1 0 0 
460990000000060     1630765245255122 0 0 0 0 0 0 0 0 0 1 
460990000000046     1630765245421746 0 0 0 0 0 0 0 0 0 1 
460990000000010     1630765245435554 0 0 0 0 0 0 1 0 0 0 
460990000000010     1630765245435754 0 0 0 0 0 0 0 1 0 0 
460990000000031     1630765245440409 0 0 0 0 0 0 1 0 0 0 
460990000000031     1630765245440568 0 0 0 0 0 0 0 1 0 0 
460990000000070     1630765245610110 0 0 0 0 0 0 0 0 1 0 
460990000000016     1630765245620519 0 0 0 0 0 0 0 0 1 0 
460990000000066     1630765245822046 0 0 0 0 0 0 0 0 1 0 
460990000000021     1630765246025910 0 0 0 0 0 0 1 0 0 0 
460990000000021     1630765246026100 0 0 0 0 0 0 0 1 0 0 
460990000000076     1630765246165793 0 0 0 0 0 0 1 0 0 0 
460990000000076     1630765246165990 0 0 0 0 0 0 0 1 0 0 
460990000000048     1630765246292542 0 0 0 0 0 0 1 0 0 0 
460990000000048     1630765246292778 0 0 0 0 0 0 0 1 0 0 
460990000000096     1630765246512557 0 0 0 0 0 0 1 0 0 0 
460990000000096     1630765246512755 0 0 0 0 0 0 0 1 0 0 
460990000000047     1630765246625572 0 0 0 0 0 0 0 0 1 0 
460990000000012     1630765247217217 0 0 0 0 0 0 0 0 0 1 
460990000000013     1630765247586014 0 0 0 0 0 0 0 0 1 0 
460990000000041     1630765247789952 0 0 0 0 0 0 0 0 1 0 
460990000000013     1630765247997468 0 0 0 0 0 0 0 0 0 1 
460990000000070     1630765248061795 0 0 0 0 0 0 0 0 0 1 
460990000000043     1630765248674089 0 0 0 0 0 0 0 0 1 0 
460990000000069     1630765248877992 0 0 0 0 0 0 0 0 1 0 
460990000000059     1630765249143191 0 0 0 0 0 0 0 0 1 0 
460990000000061     1630765249345901 0 0 0 0 0 0 0 0 1 0 
460990000000016     1630765249348509 0 0 0 0 0 0 0 0 0 1 
460990000000037     1630765249628992 0 0 0 0 0 0 0 0 1 0 
460990000000038     1630765249832736 0 0 0 0 0 0 0 0 1 0 
460990000000066     1630765249832773 0 0 0 0 0 0 0 0 0 1 
460990000000063     1630765249928712 0 0 0 0 0 0 0 0 1 0 
460990000000009     1630765250130426 0 0 0 0 0 0 0 0 1 0 
460990000000058     1630765250551012 0 0 0 0 0 0 0 0 1 0 
460990000000011     1630765250754240 0 0 0 0 0 0 0 0 1 0 
460990000000047     1630765251020567 0 0 0 0 0 0 0 0 0 1 
460990000000043     1630765251592999 0 0 0 0 0 0 0 0 0 1 
460990000000068     1630765251661245 0 0 0 0 0 0 0 0 1 0 
460990000000030     1630765251861966 0 0 0 0 0 0 0 0 1 0 
460990000000062     1630765251861964 0 0 0 0 0 0 0 0 1 0 
460990000000041     1630765252068490 0 0 0 0 0 0 0 0 0 1 
460990000000091     1630765252131885 0 0 0 0 0 0 0 0 1 0 
460990000000063     1630765252340808 0 0 0 0 0 0 0 0 0 1 
460990000000061     1630765252343853 0 0 0 0 0 0 0 0 0 1 
460990000000009     1630765252535332 0 0 0 0 0 0 0 0 0 1 
460990000000059     1630765252603778 0 0 0 0 0 0 0 0 0 1 
460990000000037     1630765252700148 0 0 0 0 0 0 0 0 0 1 
460990000000075     1630765252776446 0 0 0 0 0 0 0 0 1 0 
460990000000011     1630765252869247 0 0 0 0 0 0 0 0 0 1 
460990000000069     1630765252956369 0 0 0 0 0 0 0 0 0 1 
460990000000038     1630765253152552 0 0 0 0 0 0 0 0 0 1 
460990000000062     1630765253216824 0 0 0 0 0 0 0 0 0 1 
460990000000064     1630765253415856 0 0 0 0 0 0 0 0 1 0 
460990000000058     1630765253627593 0 0 0 0 0 0 0 0 0 1 
460990000000030     1630765253628418 0 0 0 0 0 0 0 0 0 1 
460990000000068     1630765253647270 0 0 0 0 0 0 0 0 0 1 
460990000000091     1630765253946811 0 0 0 0 0 0 0 0 0 1 
460990000000075     1630765255041112 0 0 0 0 0 0 0 0 0 1 
460990000000064     1630765255237365 0 0 0 0 0 0 0 0 0 1 
460990000000015     1630765255391361 0 0 0 0 0 0 0 0 1 0 
460990000000028     1630765255594418 0 0 0 0 0 0 0 0 1 0 
460990000000077     1630765255831699 0 0 0 0 0 0 0 0 1 0 
460990000000010     1630765256111932 0 0 0 0 0 0 0 0 1 0 
460990000000021     1630765256314242 0 0 0 0 0 0 0 0 1 0 
460990000000031     1630765256518118 0 0 0 0 0 0 0 0 1 0 
460990000000023     1630765256518120 0 0 0 0 0 0 0 0 1 0 
460990000000073     1630765256722235 0 0 0 0 0 0 0 0 1 0 
460990000000071     1630765256925965 0 0 0 0 0 0 0 0 1 0 
460990000000052     1630765257129864 0 0 0 0 0 0 0 0 1 0 
460990000000015     1630765257336534 0 0 0 0 0 0 0 0 0 1 
460990000000010     1630765257585909 0 0 0 0 0 0 0 0 0 1 
460990000000021     1630765257945190 0 0 0 0 0 0 0 0 0 1 
460990000000073     1630765258073619 0 0 0 0 0 0 0 0 0 1 
460990000000076     1630765258109134 0 0 0 0 0 0 0 0 1 0 
460990000000031     1630765258311302 0 0 0 0 0 0 0 0 0 1 
460990000000028     1630765258425062 0 0 0 0 0 0 0 0 0 1 
460990000000077     1630765258564952 0 0 0 0 0 0 0 0 0 1 
460990000000048     1630765258796465 0 0 0 0 0 0 0 0 1 0 
460990000000052     1630765259000584 0 0 0 0 0 0 0 0 0 1 
460990000000096     1630765259167348 0 0 0 0 0 0 0 0 1 0 
460990000000071     1630765259648966 0 0 0 0 0 0 0 0 0 1 
460990000000023     1630765259928102 0 0 0 0 0 0 0 0 0 1 
460990000000076     1630765261714645 0 0 0 0 0 0 0 0 0 1 
460990000000048     1630765261897636 0 0 0 0 0 0 0 0 0 1 
460990000000096     1630765262874650 0 0 0 0 0 0 0 0 0 1 
