460990000000100     1630765481827848	1	0	0	0	0	0	0	0	0	0	
460990000000100     1630765481828266 0 1 0 0 0 0 0 0 0 0 
460990000000100     1630765481828371 0 0 1 0 0 0 0 0 0 0 
460990000000099     1630765481828646	1	0	0	0	0	0	0	0	0	0	
460990000000098     1630765481828761	1	0	0	0	0	0	0	0	0	0	
460990000000098     1630765481828854 0 1 0 0 0 0 0 0 0 0 
460990000000099     1630765481828902 0 1 0 0 0 0 0 0 0 0 
460990000000098     1630765481828969 0 0 1 0 0 0 0 0 0 0 
460990000000100     1630765481828990 0 0 0 1 0 0 0 0 0 0 
460990000000099     1630765481829018 0 0 1 0 0 0 0 0 0 0 
460990000000099     1630765481829382 0 0 0 1 0 0 0 0 0 0 
460990000000098     1630765481829592 0 0 0 1 0 0 0 0 0 0 
460990000000094     1630765481830554	1	0	0	0	0	0	0	0	0	0	
460990000000094     1630765481830651 0 1 0 0 0 0 0 0 0 0 
460990000000094     1630765481831067 0 0 1 0 0 0 0 0 0 0 
460990000000093     1630765481831516	1	0	0	0	0	0	0	0	0	0	
460990000000094     1630765481831550 0 0 0 1 0 0 0 0 0 0 
460990000000093     1630765481831771 0 1 0 0 0 0 0 0 0 0 
460990000000097     1630765481832512	1	0	0	0	0	0	0	0	0	0	
460990000000097     1630765481832610 0 1 0 0 0 0 0 0 0 0 
460990000000093     1630765481832635 0 0 1 0 0 0 0 0 0 0 
460990000000083     1630765481836149	1	0	0	0	0	0	0	0	0	0	
460990000000083     1630765481836271 0 1 0 0 0 0 0 0 0 0 
460990000000032     1630765481836477	1	0	0	0	0	0	0	0	0	0	
460990000000032     1630765481836880 0 1 0 0 0 0 0 0 0 0 
460990000000080     1630765481836967	1	0	0	0	0	0	0	0	0	0	
460990000000083     1630765481837033 0 0 1 0 0 0 0 0 0 0 
460990000000086     1630765481837035	1	0	0	0	0	0	0	0	0	0	
460990000000097     1630765481835628 0 0 1 0 0 0 0 0 0 0 
460990000000032     1630765481837375 0 0 1 0 0 0 0 0 0 0 
460990000000086     1630765481838651 0 1 0 0 0 0 0 0 0 0 
460990000000088     1630765481838571	1	0	0	0	0	0	0	0	0	0	
460990000000035     1630765481838824	1	0	0	0	0	0	0	0	0	0	
460990000000035     1630765481840645 0 1 0 0 0 0 0 0 0 0 
460990000000080     1630765481840827 0 1 0 0 0 0 0 0 0 0 
460990000000088     1630765481840966 0 1 0 0 0 0 0 0 0 0 
460990000000035     1630765481841371 0 0 1 0 0 0 0 0 0 0 
460990000000087     1630765481840937	1	0	0	0	0	0	0	0	0	0	
460990000000097     1630765481841020 0 0 0 1 0 0 0 0 0 0 
460990000000083     1630765481840656 0 0 0 1 0 0 0 0 0 0 
460990000000085     1630765481841016	1	0	0	0	0	0	0	0	0	0	
460990000000019     1630765481841227	1	0	0	0	0	0	0	0	0	0	
460990000000082     1630765481840614	1	0	0	0	0	0	0	0	0	0	
460990000000082     1630765481845037 0 1 0 0 0 0 0 0 0 0 
460990000000085     1630765481845134 0 1 0 0 0 0 0 0 0 0 
460990000000093     1630765481840907 0 0 0 1 0 0 0 0 0 0 
460990000000086     1630765481841731 0 0 1 0 0 0 0 0 0 0 
460990000000088     1630765481845186 0 0 1 0 0 0 0 0 0 0 
460990000000087     1630765481845529 0 1 0 0 0 0 0 0 0 0 
460990000000019     1630765481845377 0 1 0 0 0 0 0 0 0 0 
460990000000032     1630765481845724 0 0 0 1 0 0 0 0 0 0 
460990000000080     1630765481841967 0 0 1 0 0 0 0 0 0 0 
460990000000081     1630765481841300	1	0	0	0	0	0	0	0	0	0	
460990000000085     1630765481845975 0 0 1 0 0 0 0 0 0 0 
460990000000082     1630765481846089 0 0 1 0 0 0 0 0 0 0 
460990000000087     1630765481846368 0 0 1 0 0 0 0 0 0 0 
460990000000089     1630765481849506	1	0	0	0	0	0	0	0	0	0	
460990000000089     1630765481850105 0 1 0 0 0 0 0 0 0 0 
460990000000088     1630765481850211 0 0 0 1 0 0 0 0 0 0 
460990000000082     1630765481850241 0 0 0 1 0 0 0 0 0 0 
460990000000090     1630765481849373	1	0	0	0	0	0	0	0	0	0	
460990000000017     1630765481850270	1	0	0	0	0	0	0	0	0	0	
460990000000089     1630765481850171 0 0 1 0 0 0 0 0 0 0 
460990000000019     1630765481850105 0 0 1 0 0 0 0 0 0 0 
460990000000087     1630765481850512 0 0 0 1 0 0 0 0 0 0 
460990000000035     1630765481850419 0 0 0 1 0 0 0 0 0 0 
460990000000014     1630765481850623	1	0	0	0	0	0	0	0	0	0	
460990000000086     1630765481850569 0 0 0 1 0 0 0 0 0 0 
460990000000057     1630765481850658	1	0	0	0	0	0	0	0	0	0	
460990000000081     1630765481850889 0 1 0 0 0 0 0 0 0 0 
460990000000092     1630765481850930	1	0	0	0	0	0	0	0	0	0	
460990000000081     1630765481851054 0 0 1 0 0 0 0 0 0 0 
460990000000034     1630765481857112	1	0	0	0	0	0	0	0	0	0	
460990000000080     1630765481857239 0 0 0 1 0 0 0 0 0 0 
460990000000014     1630765481857252 0 1 0 0 0 0 0 0 0 0 
460990000000014     1630765481857394 0 0 1 0 0 0 0 0 0 0 
460990000000079     1630765481857480	1	0	0	0	0	0	0	0	0	0	
460990000000090     1630765481857705 0 1 0 0 0 0 0 0 0 0 
460990000000019     1630765481857737 0 0 0 1 0 0 0 0 0 0 
460990000000090     1630765481857844 0 0 1 0 0 0 0 0 0 0 
460990000000089     1630765481857898 0 0 0 1 0 0 0 0 0 0 
460990000000079     1630765481857659 0 1 0 0 0 0 0 0 0 0 
460990000000084     1630765481858098	1	0	0	0	0	0	0	0	0	0	
460990000000084     1630765481858335 0 1 0 0 0 0 0 0 0 0 
460990000000007     1630765481858704	1	0	0	0	0	0	0	0	0	0	
460990000000007     1630765481858899 0 1 0 0 0 0 0 0 0 0 
460990000000007     1630765481859004 0 0 1 0 0 0 0 0 0 0 
460990000000084     1630765481859127 0 0 1 0 0 0 0 0 0 0 
460990000000057     1630765481859087 0 1 0 0 0 0 0 0 0 0 
460990000000092     1630765481859195 0 1 0 0 0 0 0 0 0 0 
460990000000057     1630765481859469 0 0 1 0 0 0 0 0 0 0 
460990000000079     1630765481859632 0 0 1 0 0 0 0 0 0 0 
460990000000034     1630765481859684 0 1 0 0 0 0 0 0 0 0 
460990000000034     1630765481859824 0 0 1 0 0 0 0 0 0 0 
460990000000085     1630765481860014 0 0 0 1 0 0 0 0 0 0 
460990000000017     1630765481860269 0 1 0 0 0 0 0 0 0 0 
460990000000092     1630765481860338 0 0 1 0 0 0 0 0 0 0 
460990000000017     1630765481860346 0 0 1 0 0 0 0 0 0 0 
460990000000004     1630765481860725	1	0	0	0	0	0	0	0	0	0	
460990000000004     1630765481860813 0 1 0 0 0 0 0 0 0 0 
460990000000004     1630765481860942 0 0 1 0 0 0 0 0 0 0 
460990000000036     1630765481861061	1	0	0	0	0	0	0	0	0	0	
460990000000036     1630765481861239 0 1 0 0 0 0 0 0 0 0 
460990000000036     1630765481861328 0 0 1 0 0 0 0 0 0 0 
460990000000026     1630765481862294	1	0	0	0	0	0	0	0	0	0	
460990000000026     1630765481862422 0 1 0 0 0 0 0 0 0 0 
460990000000025     1630765481862506	1	0	0	0	0	0	0	0	0	0	
460990000000026     1630765481862518 0 0 1 0 0 0 0 0 0 0 
460990000000033     1630765481862934	1	0	0	0	0	0	0	0	0	0	
460990000000033     1630765481863967 0 1 0 0 0 0 0 0 0 0 
460990000000025     1630765481864302 0 1 0 0 0 0 0 0 0 0 
460990000000046     1630765481863502	1	0	0	0	0	0	0	0	0	0	
460990000000025     1630765481864407 0 0 1 0 0 0 0 0 0 0 
460990000000006     1630765481863827	1	0	0	0	0	0	0	0	0	0	
460990000000030     1630765481863746	1	0	0	0	0	0	0	0	0	0	
460990000000046     1630765481866124 0 1 0 0 0 0 0 0 0 0 
460990000000033     1630765481864153 0 0 1 0 0 0 0 0 0 0 
460990000000081     1630765481865808 0 0 0 1 0 0 0 0 0 0 
460990000000006     1630765481867335 0 1 0 0 0 0 0 0 0 0 
460990000000046     1630765481867044 0 0 1 0 0 0 0 0 0 0 
460990000000013     1630765481867719	1	0	0	0	0	0	0	0	0	0	
460990000000006     1630765481867418 0 0 1 0 0 0 0 0 0 0 
460990000000090     1630765481867310 0 0 0 1 0 0 0 0 0 0 
460990000000011     1630765481867608	1	0	0	0	0	0	0	0	0	0	
460990000000011     1630765481868515 0 1 0 0 0 0 0 0 0 0 
460990000000040     1630765481868265	1	0	0	0	0	0	0	0	0	0	
460990000000010     1630765481868569	1	0	0	0	0	0	0	0	0	0	
460990000000044     1630765481868490	1	0	0	0	0	0	0	0	0	0	
460990000000005     1630765481868628	1	0	0	0	0	0	0	0	0	0	
460990000000059     1630765481868527	1	0	0	0	0	0	0	0	0	0	
460990000000010     1630765481869173 0 1 0 0 0 0 0 0 0 0 
460990000000066     1630765481869280	1	0	0	0	0	0	0	0	0	0	
460990000000040     1630765481869351 0 1 0 0 0 0 0 0 0 0 
460990000000059     1630765481869488 0 1 0 0 0 0 0 0 0 0 
460990000000030     1630765481869575 0 1 0 0 0 0 0 0 0 0 
460990000000013     1630765481869616 0 1 0 0 0 0 0 0 0 0 
460990000000010     1630765481869283 0 0 1 0 0 0 0 0 0 0 
460990000000024     1630765481869584	1	0	0	0	0	0	0	0	0	0	
460990000000044     1630765481869297 0 1 0 0 0 0 0 0 0 0 
460990000000040     1630765481870616 0 0 1 0 0 0 0 0 0 0 
460990000000011     1630765481868865 0 0 1 0 0 0 0 0 0 0 
460990000000009     1630765481870832	1	0	0	0	0	0	0	0	0	0	
460990000000009     1630765481870992 0 1 0 0 0 0 0 0 0 0 
460990000000009     1630765481871054 0 0 1 0 0 0 0 0 0 0 
460990000000066     1630765481871151 0 1 0 0 0 0 0 0 0 0 
460990000000059     1630765481871197 0 0 1 0 0 0 0 0 0 0 
460990000000005     1630765481871269 0 1 0 0 0 0 0 0 0 0 
460990000000022     1630765481869642	1	0	0	0	0	0	0	0	0	0	
460990000000061     1630765481871396	1	0	0	0	0	0	0	0	0	0	
460990000000005     1630765481871418 0 0 1 0 0 0 0 0 0 0 
460990000000024     1630765481871600 0 1 0 0 0 0 0 0 0 0 
460990000000061     1630765481871812 0 1 0 0 0 0 0 0 0 0 
460990000000076     1630765481870428	1	0	0	0	0	0	0	0	0	0	
460990000000044     1630765481871813 0 0 1 0 0 0 0 0 0 0 
460990000000030     1630765481872204 0 0 1 0 0 0 0 0 0 0 
460990000000013     1630765481874092 0 0 1 0 0 0 0 0 0 0 
460990000000022     1630765481874289 0 1 0 0 0 0 0 0 0 0 
460990000000024     1630765481874249 0 0 1 0 0 0 0 0 0 0 
460990000000008     1630765481875125	1	0	0	0	0	0	0	0	0	0	
460990000000061     1630765481875121 0 0 1 0 0 0 0 0 0 0 
460990000000066     1630765481874800 0 0 1 0 0 0 0 0 0 0 
460990000000096     1630765481874854	1	0	0	0	0	0	0	0	0	0	
460990000000096     1630765481876641 0 1 0 0 0 0 0 0 0 0 
460990000000022     1630765481875882 0 0 1 0 0 0 0 0 0 0 
460990000000096     1630765481876737 0 0 1 0 0 0 0 0 0 0 
460990000000016     1630765481878288	1	0	0	0	0	0	0	0	0	0	
460990000000014     1630765481878158 0 0 0 1 0 0 0 0 0 0 
460990000000007     1630765481880263 0 0 0 1 0 0 0 0 0 0 
460990000000079     1630765481884154 0 0 0 1 0 0 0 0 0 0 
460990000000057     1630765481884316 0 0 0 1 0 0 0 0 0 0 
460990000000034     1630765481884892 0 0 0 1 0 0 0 0 0 0 
460990000000012     1630765481884885	1	0	0	0	0	0	0	0	0	0	
460990000000084     1630765481884888 0 0 0 1 0 0 0 0 0 0 
460990000000012     1630765481885080 0 1 0 0 0 0 0 0 0 0 
460990000000073     1630765481885196	1	0	0	0	0	0	0	0	0	0	
460990000000012     1630765481885238 0 0 1 0 0 0 0 0 0 0 
460990000000073     1630765481885455 0 1 0 0 0 0 0 0 0 0 
460990000000055     1630765481885492	1	0	0	0	0	0	0	0	0	0	
460990000000073     1630765481888149 0 0 1 0 0 0 0 0 0 0 
460990000000023     1630765481888409	1	0	0	0	0	0	0	0	0	0	
460990000000023     1630765481888561 0 1 0 0 0 0 0 0 0 0 
460990000000023     1630765481888673 0 0 1 0 0 0 0 0 0 0 
460990000000016     1630765481888953 0 1 0 0 0 0 0 0 0 0 
460990000000021     1630765481888980	1	0	0	0	0	0	0	0	0	0	
460990000000021     1630765481889217 0 1 0 0 0 0 0 0 0 0 
460990000000021     1630765481889309 0 0 1 0 0 0 0 0 0 0 
460990000000020     1630765481889497	1	0	0	0	0	0	0	0	0	0	
460990000000076     1630765481889583 0 1 0 0 0 0 0 0 0 0 
460990000000091     1630765481889846	1	0	0	0	0	0	0	0	0	0	
460990000000076     1630765481889876 0 0 1 0 0 0 0 0 0 0 
460990000000091     1630765481889977 0 1 0 0 0 0 0 0 0 0 
460990000000091     1630765481890051 0 0 1 0 0 0 0 0 0 0 
460990000000063     1630765481889296	1	0	0	0	0	0	0	0	0	0	
460990000000063     1630765481890472 0 1 0 0 0 0 0 0 0 0 
460990000000063     1630765481890557 0 0 1 0 0 0 0 0 0 0 
460990000000016     1630765481890671 0 0 1 0 0 0 0 0 0 0 
460990000000008     1630765481890992 0 1 0 0 0 0 0 0 0 0 
460990000000008     1630765481891800 0 0 1 0 0 0 0 0 0 0 
460990000000095     1630765481892127	1	0	0	0	0	0	0	0	0	0	
460990000000039     1630765481892172	1	0	0	0	0	0	0	0	0	0	
460990000000095     1630765481892277 0 1 0 0 0 0 0 0 0 0 
460990000000038     1630765481893954	1	0	0	0	0	0	0	0	0	0	
460990000000095     1630765481893996 0 0 1 0 0 0 0 0 0 0 
460990000000049     1630765481894059	1	0	0	0	0	0	0	0	0	0	
460990000000055     1630765481894291 0 1 0 0 0 0 0 0 0 0 
460990000000056     1630765481894918	1	0	0	0	0	0	0	0	0	0	
460990000000038     1630765481894988 0 1 0 0 0 0 0 0 0 0 
460990000000055     1630765481895143 0 0 1 0 0 0 0 0 0 0 
460990000000056     1630765481895306 0 1 0 0 0 0 0 0 0 0 
460990000000056     1630765481895419 0 0 1 0 0 0 0 0 0 0 
460990000000028     1630765481895688	1	0	0	0	0	0	0	0	0	0	
460990000000028     1630765481895822 0 1 0 0 0 0 0 0 0 0 
460990000000028     1630765481895972 0 0 1 0 0 0 0 0 0 0 
460990000000053     1630765481895980	1	0	0	0	0	0	0	0	0	0	
460990000000037     1630765481896080	1	0	0	0	0	0	0	0	0	0	
460990000000037     1630765481896176 0 1 0 0 0 0 0 0 0 0 
460990000000053     1630765481896227 0 1 0 0 0 0 0 0 0 0 
460990000000031     1630765481896237	1	0	0	0	0	0	0	0	0	0	
460990000000053     1630765481896300 0 0 1 0 0 0 0 0 0 0 
460990000000031     1630765481896361 0 1 0 0 0 0 0 0 0 0 
460990000000037     1630765481896391 0 0 1 0 0 0 0 0 0 0 
460990000000031     1630765481896503 0 0 1 0 0 0 0 0 0 0 
460990000000041     1630765481896688	1	0	0	0	0	0	0	0	0	0	
460990000000020     1630765481896697 0 1 0 0 0 0 0 0 0 0 
460990000000041     1630765481896800 0 1 0 0 0 0 0 0 0 0 
460990000000020     1630765481896864 0 0 1 0 0 0 0 0 0 0 
460990000000041     1630765481896879 0 0 1 0 0 0 0 0 0 0 
460990000000038     1630765481897049 0 0 1 0 0 0 0 0 0 0 
460990000000058     1630765481897079	1	0	0	0	0	0	0	0	0	0	
460990000000003     1630765481897077	1	0	0	0	0	0	0	0	0	0	
460990000000049     1630765481897224 0 1 0 0 0 0 0 0 0 0 
460990000000003     1630765481897216 0 1 0 0 0 0 0 0 0 0 
460990000000049     1630765481897359 0 0 1 0 0 0 0 0 0 0 
460990000000003     1630765481897379 0 0 1 0 0 0 0 0 0 0 
460990000000077     1630765481897550	1	0	0	0	0	0	0	0	0	0	
460990000000017     1630765481897741 0 0 0 1 0 0 0 0 0 0 
460990000000077     1630765481897842 0 1 0 0 0 0 0 0 0 0 
460990000000077     1630765481898032 0 0 1 0 0 0 0 0 0 0 
460990000000051     1630765481898162	1	0	0	0	0	0	0	0	0	0	
460990000000051     1630765481898278 0 1 0 0 0 0 0 0 0 0 
460990000000051     1630765481898366 0 0 1 0 0 0 0 0 0 0 
460990000000043     1630765481898508	1	0	0	0	0	0	0	0	0	0	
460990000000045     1630765481898610	1	0	0	0	0	0	0	0	0	0	
460990000000060     1630765481899015	1	0	0	0	0	0	0	0	0	0	
460990000000042     1630765481899112	1	0	0	0	0	0	0	0	0	0	
460990000000078     1630765481898625	1	0	0	0	0	0	0	0	0	0	
460990000000065     1630765481899433	1	0	0	0	0	0	0	0	0	0	
460990000000078     1630765481899670 0 1 0 0 0 0 0 0 0 0 
460990000000078     1630765481899797 0 0 1 0 0 0 0 0 0 0 
460990000000075     1630765481900009	1	0	0	0	0	0	0	0	0	0	
460990000000062     1630765481900143	1	0	0	0	0	0	0	0	0	0	
460990000000054     1630765481900356	1	0	0	0	0	0	0	0	0	0	
460990000000004     1630765481901216 0 0 0 1 0 0 0 0 0 0 
460990000000075     1630765481902482 0 1 0 0 0 0 0 0 0 0 
460990000000075     1630765481902632 0 0 1 0 0 0 0 0 0 0 
460990000000065     1630765481903279 0 1 0 0 0 0 0 0 0 0 
460990000000092     1630765481904047 0 0 0 1 0 0 0 0 0 0 
460990000000058     1630765481898862 0 1 0 0 0 0 0 0 0 0 
460990000000018     1630765481904408	1	0	0	0	0	0	0	0	0	0	
460990000000018     1630765481904491 0 1 0 0 0 0 0 0 0 0 
460990000000058     1630765481904661 0 0 1 0 0 0 0 0 0 0 
460990000000060     1630765481904906 0 1 0 0 0 0 0 0 0 0 
460990000000068     1630765481905078	1	0	0	0	0	0	0	0	0	0	
460990000000060     1630765481905122 0 0 1 0 0 0 0 0 0 0 
460990000000068     1630765481905152 0 1 0 0 0 0 0 0 0 0 
460990000000062     1630765481905150 0 1 0 0 0 0 0 0 0 0 
460990000000054     1630765481905156 0 1 0 0 0 0 0 0 0 0 
460990000000068     1630765481905224 0 0 1 0 0 0 0 0 0 0 
460990000000062     1630765481905334 0 0 1 0 0 0 0 0 0 0 
460990000000018     1630765481905426 0 0 1 0 0 0 0 0 0 0 
460990000000054     1630765481905513 0 0 1 0 0 0 0 0 0 0 
460990000000015     1630765481905619	1	0	0	0	0	0	0	0	0	0	
460990000000065     1630765481905403 0 0 1 0 0 0 0 0 0 0 
460990000000015     1630765481905694 0 1 0 0 0 0 0 0 0 0 
460990000000015     1630765481905790 0 0 1 0 0 0 0 0 0 0 
460990000000074     1630765481905936	1	0	0	0	0	0	0	0	0	0	
460990000000036     1630765481905972 0 0 0 1 0 0 0 0 0 0 
460990000000074     1630765481906021 0 1 0 0 0 0 0 0 0 0 
460990000000074     1630765481906088 0 0 1 0 0 0 0 0 0 0 
460990000000042     1630765481906387 0 1 0 0 0 0 0 0 0 0 
460990000000039     1630765481906476 0 1 0 0 0 0 0 0 0 0 
460990000000045     1630765481906534 0 1 0 0 0 0 0 0 0 0 
460990000000069     1630765481906516	1	0	0	0	0	0	0	0	0	0	
460990000000043     1630765481906711 0 1 0 0 0 0 0 0 0 0 
460990000000045     1630765481906823 0 0 1 0 0 0 0 0 0 0 
460990000000069     1630765481906836 0 1 0 0 0 0 0 0 0 0 
460990000000069     1630765481906997 0 0 1 0 0 0 0 0 0 0 
460990000000039     1630765481907351 0 0 1 0 0 0 0 0 0 0 
460990000000043     1630765481907392 0 0 1 0 0 0 0 0 0 0 
460990000000042     1630765481907158 0 0 1 0 0 0 0 0 0 0 
460990000000052     1630765481907345	1	0	0	0	0	0	0	0	0	0	
460990000000052     1630765481908425 0 1 0 0 0 0 0 0 0 0 
460990000000052     1630765481908715 0 0 1 0 0 0 0 0 0 0 
460990000000026     1630765481950563 0 0 0 1 0 0 0 0 0 0 
460990000000033     1630765481953302 0 0 0 1 0 0 0 0 0 0 
460990000000025     1630765481953451 0 0 0 1 0 0 0 0 0 0 
460990000000059     1630765481956394 0 0 0 1 0 0 0 0 0 0 
460990000000061     1630765481956437 0 0 0 1 0 0 0 0 0 0 
460990000000024     1630765481956431 0 0 0 1 0 0 0 0 0 0 
460990000000009     1630765481956460 0 0 0 1 0 0 0 0 0 0 
460990000000011     1630765481956476 0 0 0 1 0 0 0 0 0 0 
460990000000046     1630765481956545 0 0 0 1 0 0 0 0 0 0 
460990000000030     1630765481956560 0 0 0 1 0 0 0 0 0 0 
460990000000096     1630765481956575 0 0 0 1 0 0 0 0 0 0 
460990000000010     1630765481956592 0 0 0 1 0 0 0 0 0 0 
460990000000066     1630765481956664 0 0 0 1 0 0 0 0 0 0 
460990000000044     1630765481956783 0 0 0 1 0 0 0 0 0 0 
460990000000005     1630765481956821 0 0 0 1 0 0 0 0 0 0 
460990000000006     1630765481956937 0 0 0 1 0 0 0 0 0 0 
460990000000040     1630765481957833 0 0 0 1 0 0 0 0 0 0 
460990000000013     1630765481986728 0 0 0 1 0 0 0 0 0 0 
460990000000022     1630765481990729 0 0 0 1 0 0 0 0 0 0 
460990000000073     1630765482037062 0 0 0 1 0 0 0 0 0 0 
460990000000023     1630765482041467 0 0 0 1 0 0 0 0 0 0 
460990000000091     1630765482049977 0 0 0 1 0 0 0 0 0 0 
460990000000012     1630765482050057 0 0 0 1 0 0 0 0 0 0 
460990000000021     1630765482050191 0 0 0 1 0 0 0 0 0 0 
460990000000076     1630765482050271 0 0 0 1 0 0 0 0 0 0 
460990000000008     1630765482066970 0 0 0 1 0 0 0 0 0 0 
460990000000016     1630765482067402 0 0 0 1 0 0 0 0 0 0 
460990000000028     1630765482087490 0 0 0 1 0 0 0 0 0 0 
460990000000063     1630765482087549 0 0 0 1 0 0 0 0 0 0 
460990000000055     1630765482087838 0 0 0 1 0 0 0 0 0 0 
460990000000037     1630765482087990 0 0 0 1 0 0 0 0 0 0 
460990000000031     1630765482088036 0 0 0 1 0 0 0 0 0 0 
460990000000020     1630765482088228 0 0 0 1 0 0 0 0 0 0 
460990000000038     1630765482088381 0 0 0 1 0 0 0 0 0 0 
460990000000095     1630765482088504 0 0 0 1 0 0 0 0 0 0 
460990000000041     1630765482088604 0 0 0 1 0 0 0 0 0 0 
460990000000015     1630765482096967 0 0 0 1 0 0 0 0 0 0 
460990000000058     1630765482096988 0 0 0 1 0 0 0 0 0 0 
460990000000003     1630765482096947 0 0 0 1 0 0 0 0 0 0 
460990000000056     1630765482097008 0 0 0 1 0 0 0 0 0 0 
460990000000049     1630765482097087 0 0 0 1 0 0 0 0 0 0 
460990000000099     1630765482097191 0 0 0 0 1 0 0 0 0 0 
460990000000078     1630765482097455 0 0 0 1 0 0 0 0 0 0 
460990000000100     1630765482097614 0 0 0 0 1 0 0 0 0 0 
460990000000077     1630765482097613 0 0 0 1 0 0 0 0 0 0 
460990000000051     1630765482097713 0 0 0 1 0 0 0 0 0 0 
460990000000062     1630765482097890 0 0 0 1 0 0 0 0 0 0 
460990000000060     1630765482098094 0 0 0 1 0 0 0 0 0 0 
460990000000068     1630765482098327 0 0 0 1 0 0 0 0 0 0 
460990000000043     1630765482098558 0 0 0 1 0 0 0 0 0 0 
460990000000098     1630765482098661 0 0 0 0 1 0 0 0 0 0 
460990000000039     1630765482098619 0 0 0 1 0 0 0 0 0 0 
460990000000042     1630765482098700 0 0 0 1 0 0 0 0 0 0 
460990000000065     1630765482098884 0 0 0 1 0 0 0 0 0 0 
460990000000054     1630765482098844 0 0 0 1 0 0 0 0 0 0 
460990000000053     1630765482098897 0 0 0 1 0 0 0 0 0 0 
460990000000052     1630765482099061 0 0 0 1 0 0 0 0 0 0 
460990000000018     1630765482099088 0 0 0 1 0 0 0 0 0 0 
460990000000075     1630765482099672 0 0 0 1 0 0 0 0 0 0 
460990000000045     1630765482099740 0 0 0 1 0 0 0 0 0 0 
460990000000074     1630765482100055 0 0 0 1 0 0 0 0 0 0 
460990000000069     1630765482100292 0 0 0 1 0 0 0 0 0 0 
460990000000094     1630765482120401 0 0 0 0 1 0 0 0 0 0 
460990000000083     1630765482174862 0 0 0 0 1 0 0 0 0 0 
460990000000093     1630765482199730 0 0 0 0 1 0 0 0 0 0 
460990000000097     1630765482288176 0 0 0 0 1 0 0 0 0 0 
460990000000086     1630765482347477 0 0 0 0 1 0 0 0 0 0 
460990000000032     1630765482361391 0 0 0 0 1 0 0 0 0 0 
460990000000035     1630765482388569 0 0 0 0 1 0 0 0 0 0 
460990000000082     1630765482423158 0 0 0 0 1 0 0 0 0 0 
460990000000080     1630765482426213 0 0 0 0 1 0 0 0 0 0 
460990000000088     1630765482441590 0 0 0 0 1 0 0 0 0 0 
460990000000087     1630765482481862 0 0 0 0 1 0 0 0 0 0 
460990000000019     1630765482533407 0 0 0 0 1 0 0 0 0 0 
460990000000085     1630765482568577 0 0 0 0 1 0 0 0 0 0 
460990000000089     1630765482619533 0 0 0 0 1 0 0 0 0 0 
460990000000014     1630765482642686 0 0 0 0 1 0 0 0 0 0 
460990000000007     1630765482698294 0 0 0 0 1 0 0 0 0 0 
460990000000090     1630765482702311 0 0 0 0 1 0 0 0 0 0 
460990000000057     1630765482801738 0 0 0 0 1 0 0 0 0 0 
460990000000079     1630765482841150 0 0 0 0 1 0 0 0 0 0 
460990000000084     1630765482860387 0 0 0 0 1 0 0 0 0 0 
460990000000081     1630765482870248 0 0 0 0 1 0 0 0 0 0 
460990000000034     1630765482957321 0 0 0 0 1 0 0 0 0 0 
460990000000026     1630765483030165 0 0 0 0 1 0 0 0 0 0 
460990000000033     1630765483041045 0 0 0 0 1 0 0 0 0 0 
460990000000017     1630765483058407 0 0 0 0 1 0 0 0 0 0 
460990000000025     1630765483097238 0 0 0 0 1 0 0 0 0 0 
460990000000059     1630765483116854 0 0 0 0 1 0 0 0 0 0 
460990000000004     1630765483126144 0 0 0 0 1 0 0 0 0 0 
460990000000046     1630765483161452 0 0 0 0 1 0 0 0 0 0 
460990000000092     1630765483184534 0 0 0 0 1 0 0 0 0 0 
460990000000024     1630765483207650 0 0 0 0 1 0 0 0 0 0 
460990000000036     1630765483279974 0 0 0 0 1 0 0 0 0 0 
460990000000096     1630765483327341 0 0 0 0 1 0 0 0 0 0 
460990000000066     1630765483362454 0 0 0 0 1 0 0 0 0 0 
460990000000010     1630765483422770 0 0 0 0 1 0 0 0 0 0 
460990000000005     1630765483441697 0 0 0 0 1 0 0 0 0 0 
460990000000011     1630765483450032 0 0 0 0 1 0 0 0 0 0 
460990000000044     1630765483499290 0 0 0 0 1 0 0 0 0 0 
460990000000006     1630765483565242 0 0 0 0 1 0 0 0 0 0 
460990000000061     1630765483574252 0 0 0 0 1 0 0 0 0 0 
460990000000023     1630765483626616 0 0 0 0 1 0 0 0 0 0 
460990000000030     1630765483651510 0 0 0 0 1 0 0 0 0 0 
460990000000091     1630765483703274 0 0 0 0 1 0 0 0 0 0 
460990000000009     1630765483750572 0 0 0 0 1 0 0 0 0 0 
460990000000021     1630765483764644 0 0 0 0 1 0 0 0 0 0 
460990000000012     1630765483785390 0 0 0 0 1 0 0 0 0 0 
460990000000040     1630765483810700 0 0 0 0 1 0 0 0 0 0 
460990000000076     1630765483844334 0 0 0 0 1 0 0 0 0 0 
460990000000013     1630765483864059 0 0 0 0 1 0 0 0 0 0 
460990000000008     1630765483878002 0 0 0 0 1 0 0 0 0 0 
460990000000022     1630765483948364 0 0 0 0 1 0 0 0 0 0 
460990000000031     1630765484028220 0 0 0 0 1 0 0 0 0 0 
460990000000037     1630765484046807 0 0 0 0 1 0 0 0 0 0 
460990000000073     1630765484056102 0 0 0 0 1 0 0 0 0 0 
460990000000020     1630765484135460 0 0 0 0 1 0 0 0 0 0 
460990000000038     1630765484147112 0 0 0 0 1 0 0 0 0 0 
460990000000095     1630765484190556 0 0 0 0 1 0 0 0 0 0 
460990000000016     1630765484191786 0 0 0 0 1 0 0 0 0 0 
460990000000041     1630765484228971 0 0 0 0 1 0 0 0 0 0 
460990000000028     1630765484279013 0 0 0 0 1 0 0 0 0 0 
460990000000027     1630765484335153	1	0	0	0	0	0	0	0	0	0	
460990000000027     1630765484335335 0 1 0 0 0 0 0 0 0 0 
460990000000027     1630765484335451 0 0 1 0 0 0 0 0 0 0 
460990000000027     1630765484336145 0 0 0 1 0 0 0 0 0 0 
460990000000029     1630765484359117	1	0	0	0	0	0	0	0	0	0	
460990000000001     1630765484359166	1	0	0	0	0	0	0	0	0	0	
460990000000001     1630765484359295 0 1 0 0 0 0 0 0 0 0 
460990000000002     1630765484359269	1	0	0	0	0	0	0	0	0	0	
460990000000002     1630765484359369 0 1 0 0 0 0 0 0 0 0 
460990000000001     1630765484359410 0 0 1 0 0 0 0 0 0 0 
460990000000002     1630765484359485 0 0 1 0 0 0 0 0 0 0 
460990000000029     1630765484359822 0 1 0 0 0 0 0 0 0 0 
460990000000029     1630765484359912 0 0 1 0 0 0 0 0 0 0 
460990000000001     1630765484360273 0 0 0 1 0 0 0 0 0 0 
460990000000002     1630765484360641 0 0 0 1 0 0 0 0 0 0 
460990000000029     1630765484360673 0 0 0 1 0 0 0 0 0 0 
460990000000050     1630765484361134	1	0	0	0	0	0	0	0	0	0	
460990000000050     1630765484361246 0 1 0 0 0 0 0 0 0 0 
460990000000050     1630765484361349 0 0 1 0 0 0 0 0 0 0 
460990000000072     1630765484361435	1	0	0	0	0	0	0	0	0	0	
460990000000072     1630765484361542 0 1 0 0 0 0 0 0 0 0 
460990000000072     1630765484361621 0 0 1 0 0 0 0 0 0 0 
460990000000050     1630765484361772 0 0 0 1 0 0 0 0 0 0 
460990000000072     1630765484362096 0 0 0 1 0 0 0 0 0 0 
460990000000067     1630765484362115	1	0	0	0	0	0	0	0	0	0	
460990000000067     1630765484362243 0 1 0 0 0 0 0 0 0 0 
460990000000067     1630765484362344 0 0 1 0 0 0 0 0 0 0 
460990000000067     1630765484362776 0 0 0 1 0 0 0 0 0 0 
460990000000047     1630765484383328	1	0	0	0	0	0	0	0	0	0	
460990000000047     1630765484383504 0 1 0 0 0 0 0 0 0 0 
460990000000047     1630765484383681 0 0 1 0 0 0 0 0 0 0 
460990000000047     1630765484384252 0 0 0 1 0 0 0 0 0 0 
460990000000048     1630765484388152	1	0	0	0	0	0	0	0	0	0	
460990000000064     1630765484388194	1	0	0	0	0	0	0	0	0	0	
460990000000064     1630765484388296 0 1 0 0 0 0 0 0 0 0 
460990000000048     1630765484388316 0 1 0 0 0 0 0 0 0 0 
460990000000064     1630765484388372 0 0 1 0 0 0 0 0 0 0 
460990000000048     1630765484388434 0 0 1 0 0 0 0 0 0 0 
460990000000064     1630765484388790 0 0 0 1 0 0 0 0 0 0 
460990000000048     1630765484388804 0 0 0 1 0 0 0 0 0 0 
460990000000070     1630765484389122	1	0	0	0	0	0	0	0	0	0	
460990000000070     1630765484390343 0 1 0 0 0 0 0 0 0 0 
460990000000070     1630765484390418 0 0 1 0 0 0 0 0 0 0 
460990000000071     1630765484390457	1	0	0	0	0	0	0	0	0	0	
460990000000071     1630765484390816 0 1 0 0 0 0 0 0 0 0 
460990000000071     1630765484391206 0 0 1 0 0 0 0 0 0 0 
460990000000051     1630765484391378 0 0 0 0 1 0 0 0 0 0 
460990000000070     1630765484391472 0 0 0 1 0 0 0 0 0 0 
460990000000071     1630765484392001 0 0 0 1 0 0 0 0 0 0 
460990000000063     1630765484403294 0 0 0 0 1 0 0 0 0 0 
460990000000062     1630765484453362 0 0 0 0 1 0 0 0 0 0 
460990000000099     1630765484481049 0 0 0 0 0 1 0 0 0 0 
460990000000056     1630765484501917 0 0 0 0 1 0 0 0 0 0 
460990000000055     1630765484503514 0 0 0 0 1 0 0 0 0 0 
460990000000003     1630765484535498 0 0 0 0 1 0 0 0 0 0 
460990000000049     1630765484549442 0 0 0 0 1 0 0 0 0 0 
460990000000060     1630765484576200 0 0 0 0 1 0 0 0 0 0 
460990000000058     1630765484591613 0 0 0 0 1 0 0 0 0 0 
460990000000015     1630765484661269 0 0 0 0 1 0 0 0 0 0 
460990000000078     1630765484779818 0 0 0 0 1 0 0 0 0 0 
460990000000065     1630765484789461 0 0 0 0 1 0 0 0 0 0 
460990000000098     1630765484871461 0 0 0 0 0 1 0 0 0 0 
460990000000052     1630765484881073 0 0 0 0 1 0 0 0 0 0 
460990000000077     1630765484905889 0 0 0 0 1 0 0 0 0 0 
460990000000039     1630765484935896 0 0 0 0 1 0 0 0 0 0 
460990000000042     1630765484947315 0 0 0 0 1 0 0 0 0 0 
460990000000043     1630765484970035 0 0 0 0 1 0 0 0 0 0 
460990000000068     1630765485060983 0 0 0 0 1 0 0 0 0 0 
460990000000018     1630765485161921 0 0 0 0 1 0 0 0 0 0 
460990000000054     1630765485221694 0 0 0 0 1 0 0 0 0 0 
460990000000053     1630765485261023 0 0 0 0 1 0 0 0 0 0 
460990000000075     1630765485300039 0 0 0 0 1 0 0 0 0 0 
460990000000100     1630765485311230 0 0 0 0 0 1 0 0 0 0 
460990000000045     1630765485338755 0 0 0 0 1 0 0 0 0 0 
460990000000074     1630765485449027 0 0 0 0 1 0 0 0 0 0 
460990000000069     1630765485459207 0 0 0 0 1 0 0 0 0 0 
460990000000083     1630765485605454 0 0 0 0 0 1 0 0 0 0 
460990000000094     1630765485637521 0 0 0 0 0 1 0 0 0 0 
460990000000086     1630765485737255 0 0 0 0 0 1 0 0 0 0 
460990000000093     1630765485856215 0 0 0 0 0 1 0 0 0 0 
460990000000080     1630765485860943 0 0 0 0 0 1 0 0 0 0 
460990000000088     1630765485895287 0 0 0 0 0 1 0 0 0 0 
460990000000032     1630765486017566 0 0 0 0 0 1 0 0 0 0 
460990000000097     1630765486028973 0 0 0 0 0 1 0 0 0 0 
460990000000087     1630765486110199 0 0 0 0 0 1 0 0 0 0 
460990000000019     1630765486274979 0 0 0 0 0 1 0 0 0 0 
460990000000035     1630765486326991 0 0 0 0 0 1 0 0 0 0 
460990000000085     1630765486488376 0 0 0 0 0 1 0 0 0 0 
460990000000082     1630765486556316 0 0 0 0 0 1 0 0 0 0 
460990000000079     1630765486617066 0 0 0 0 0 1 0 0 0 0 
460990000000084     1630765486641331 0 0 0 0 0 1 0 0 0 0 
460990000000089     1630765486729601 0 0 0 0 0 1 0 0 0 0 
460990000000014     1630765486767822 0 0 0 0 0 1 0 0 0 0 
460990000000081     1630765486868751 0 0 0 0 0 1 0 0 0 0 
460990000000034     1630765486935021 0 0 0 0 0 1 0 0 0 0 
460990000000046     1630765486984247 0 0 0 0 0 1 0 0 0 0 
460990000000007     1630765487088372 0 0 0 0 0 1 0 0 0 0 
460990000000092     1630765487106118 0 0 0 0 0 1 0 0 0 0 
460990000000026     1630765487160404 0 0 0 0 0 1 0 0 0 0 
460990000000090     1630765487363863 0 0 0 0 0 1 0 0 0 0 
460990000000033     1630765487374144 0 0 0 0 0 1 0 0 0 0 
460990000000057     1630765487545617 0 0 0 0 0 1 0 0 0 0 
460990000000036     1630765487591922 0 0 0 0 0 1 0 0 0 0 
460990000000024     1630765487600648 0 0 0 0 0 1 0 0 0 0 
460990000000006     1630765487707163 0 0 0 0 0 1 0 0 0 0 
460990000000017     1630765487766343 0 0 0 0 0 1 0 0 0 0 
460990000000096     1630765487780225 0 0 0 0 0 1 0 0 0 0 
460990000000061     1630765487816590 0 0 0 0 0 1 0 0 0 0 
460990000000023     1630765488028465 0 0 0 0 0 1 0 0 0 0 
460990000000066     1630765488042248 0 0 0 0 0 1 0 0 0 0 
460990000000025     1630765488061999 0 0 0 0 0 1 0 0 0 0 
460990000000013     1630765488073039 0 0 0 0 0 1 0 0 0 0 
460990000000030     1630765488293828 0 0 0 0 0 1 0 0 0 0 
460990000000008     1630765488314429 0 0 0 0 0 1 0 0 0 0 
460990000000059     1630765488347401 0 0 0 0 0 1 0 0 0 0 
460990000000091     1630765488518116 0 0 0 0 0 1 0 0 0 0 
460990000000004     1630765488533930 0 0 0 0 0 1 0 0 0 0 
460990000000022     1630765488733112 0 0 0 0 0 1 0 0 0 0 
460990000000009     1630765488741828 0 0 0 0 0 1 0 0 0 0 
460990000000041     1630765488745058 0 0 0 0 0 1 0 0 0 0 
460990000000010     1630765488795422 0 0 0 0 0 1 0 0 0 0 
460990000000048     1630765488857867 0 0 0 0 1 0 0 0 0 0 
460990000000028     1630765488950428 0 0 0 0 0 1 0 0 0 0 
460990000000031     1630765489004399 0 0 0 0 0 1 0 0 0 0 
460990000000027     1630765489045801 0 0 0 0 1 0 0 0 0 0 
460990000000064     1630765489080668 0 0 0 0 1 0 0 0 0 0 
460990000000005     1630765489089031 0 0 0 0 0 1 0 0 0 0 
460990000000037     1630765489207695 0 0 0 0 0 1 0 0 0 0 
460990000000051     1630765489262762 0 0 0 0 0 1 0 0 0 0 
460990000000011     1630765489305491 0 0 0 0 0 1 0 0 0 0 
460990000000003     1630765489343742 0 0 0 0 0 1 0 0 0 0 
460990000000073     1630765489432304 0 0 0 0 0 1 0 0 0 0 
460990000000001     1630765489477875 0 0 0 0 1 0 0 0 0 0 
460990000000029     1630765489530388 0 0 0 0 1 0 0 0 0 0 
460990000000002     1630765489577153 0 0 0 0 1 0 0 0 0 0 
460990000000044     1630765489584261 0 0 0 0 0 1 0 0 0 0 
460990000000070     1630765489622332 0 0 0 0 1 0 0 0 0 0 
460990000000049     1630765489679937 0 0 0 0 0 1 0 0 0 0 
460990000000071     1630765489702325 0 0 0 0 1 0 0 0 0 0 
460990000000063     1630765489827754 0 0 0 0 0 1 0 0 0 0 
460990000000021     1630765489868113 0 0 0 0 0 1 0 0 0 0 
460990000000060     1630765489976775 0 0 0 0 0 1 0 0 0 0 
460990000000058     1630765490002719 0 0 0 0 0 1 0 0 0 0 
460990000000012     1630765490093426 0 0 0 0 0 1 0 0 0 0 
460990000000039     1630765490101307 0 0 0 0 0 1 0 0 0 0 
460990000000042     1630765490180890 0 0 0 0 0 1 0 0 0 0 
460990000000015     1630765490204240 0 0 0 0 0 1 0 0 0 0 
460990000000040     1630765490320039 0 0 0 0 0 1 0 0 0 0 
460990000000074     1630765490353404 0 0 0 0 0 1 0 0 0 0 
460990000000043     1630765490397041 0 0 0 0 0 1 0 0 0 0 
460990000000078     1630765490460385 0 0 0 0 0 1 0 0 0 0 
460990000000076     1630765490617286 0 0 0 0 0 1 0 0 0 0 
460990000000068     1630765490759991 0 0 0 0 0 1 0 0 0 0 
460990000000020     1630765490878949 0 0 0 0 0 1 0 0 0 0 
460990000000069     1630765490975552 0 0 0 0 0 1 0 0 0 0 
460990000000018     1630765490989443 0 0 0 0 0 1 0 0 0 0 
460990000000038     1630765491162109 0 0 0 0 0 1 0 0 0 0 
460990000000054     1630765491176302 0 0 0 0 0 1 0 0 0 0 
460990000000087     1630765491187302 0 0 0 0 0 0 1 0 0 0 
460990000000087     1630765491187476 0 0 0 0 0 0 0 1 0 0 
460990000000083     1630765491225439 0 0 0 0 0 0 1 0 0 0 
460990000000083     1630765491225726 0 0 0 0 0 0 0 1 0 0 
460990000000095     1630765491348729 0 0 0 0 0 1 0 0 0 0 
460990000000019     1630765491417942 0 0 0 0 0 0 1 0 0 0 
460990000000019     1630765491418136 0 0 0 0 0 0 0 1 0 0 
460990000000094     1630765491419680 0 0 0 0 0 0 1 0 0 0 
460990000000094     1630765491419834 0 0 0 0 0 0 0 1 0 0 
460990000000034     1630765491585369 0 0 0 0 0 0 1 0 0 0 
460990000000034     1630765491585553 0 0 0 0 0 0 0 1 0 0 
460990000000086     1630765491615146 0 0 0 0 0 0 1 0 0 0 
460990000000086     1630765491615332 0 0 0 0 0 0 0 1 0 0 
460990000000016     1630765491634781 0 0 0 0 0 1 0 0 0 0 
460990000000050     1630765491700555 0 0 0 0 1 0 0 0 0 0 
460990000000072     1630765491743184 0 0 0 0 1 0 0 0 0 0 
460990000000067     1630765491786887 0 0 0 0 1 0 0 0 0 0 
460990000000047     1630765491845807 0 0 0 0 1 0 0 0 0 0 
460990000000035     1630765491881475 0 0 0 0 0 0 1 0 0 0 
460990000000035     1630765491881694 0 0 0 0 0 0 0 1 0 0 
460990000000093     1630765491905396 0 0 0 0 0 0 1 0 0 0 
460990000000093     1630765491905693 0 0 0 0 0 0 0 1 0 0 
460990000000062     1630765492076038 0 0 0 0 0 1 0 0 0 0 
460990000000085     1630765492095850 0 0 0 0 0 0 1 0 0 0 
460990000000085     1630765492096053 0 0 0 0 0 0 0 1 0 0 
460990000000046     1630765492179788 0 0 0 0 0 0 1 0 0 0 
460990000000046     1630765492179987 0 0 0 0 0 0 0 1 0 0 
460990000000082     1630765492285607 0 0 0 0 0 0 1 0 0 0 
460990000000082     1630765492285787 0 0 0 0 0 0 0 1 0 0 
460990000000099     1630765492292266 0 0 0 0 0 0 1 0 0 0 
460990000000099     1630765492292434 0 0 0 0 0 0 0 1 0 0 
460990000000006     1630765492293269 0 0 0 0 0 0 1 0 0 0 
460990000000006     1630765492293498 0 0 0 0 0 0 0 1 0 0 
460990000000007     1630765492393264 0 0 0 0 0 0 1 0 0 0 
460990000000007     1630765492393483 0 0 0 0 0 0 0 1 0 0 
460990000000056     1630765492492702 0 0 0 0 0 1 0 0 0 0 
460990000000079     1630765492494384 0 0 0 0 0 0 1 0 0 0 
460990000000079     1630765492494616 0 0 0 0 0 0 0 1 0 0 
460990000000017     1630765492589947 0 0 0 0 0 0 1 0 0 0 
460990000000017     1630765492590160 0 0 0 0 0 0 0 1 0 0 
460990000000059     1630765492656177 0 0 0 0 0 0 1 0 0 0 
460990000000059     1630765492656377 0 0 0 0 0 0 0 1 0 0 
460990000000092     1630765492679520 0 0 0 0 0 0 1 0 0 0 
460990000000092     1630765492679758 0 0 0 0 0 0 0 1 0 0 
460990000000055     1630765492747899 0 0 0 0 0 1 0 0 0 0 
460990000000026     1630765492892564 0 0 0 0 0 0 1 0 0 0 
460990000000026     1630765492892772 0 0 0 0 0 0 0 1 0 0 
460990000000065     1630765492983512 0 0 0 0 0 1 0 0 0 0 
460990000000090     1630765493108590 0 0 0 0 0 0 1 0 0 0 
460990000000090     1630765493109051 0 0 0 0 0 0 0 1 0 0 
460990000000096     1630765493160825 0 0 0 0 0 0 1 0 0 0 
460990000000096     1630765493161107 0 0 0 0 0 0 0 1 0 0 
460990000000098     1630765493318937 0 0 0 0 0 0 1 0 0 0 
460990000000098     1630765493319213 0 0 0 0 0 0 0 1 0 0 
460990000000061     1630765493319905 0 0 0 0 0 0 1 0 0 0 
460990000000061     1630765493320120 0 0 0 0 0 0 0 1 0 0 
460990000000027     1630765493345248 0 0 0 0 0 1 0 0 0 0 
460990000000091     1630765493358069 0 0 0 0 0 0 1 0 0 0 
460990000000091     1630765493358247 0 0 0 0 0 0 0 1 0 0 
460990000000052     1630765493531114 0 0 0 0 0 1 0 0 0 0 
460990000000023     1630765493591925 0 0 0 0 0 0 1 0 0 0 
460990000000023     1630765493592116 0 0 0 0 0 0 0 1 0 0 
460990000000004     1630765493593212 0 0 0 0 0 0 1 0 0 0 
460990000000004     1630765493593448 0 0 0 0 0 0 0 1 0 0 
460990000000002     1630765493722226 0 0 0 0 0 1 0 0 0 0 
460990000000066     1630765493751746 0 0 0 0 0 0 1 0 0 0 
460990000000066     1630765493751931 0 0 0 0 0 0 0 1 0 0 
460990000000077     1630765493768075 0 0 0 0 0 1 0 0 0 0 
460990000000064     1630765493915092 0 0 0 0 0 1 0 0 0 0 
460990000000053     1630765494016940 0 0 0 0 0 1 0 0 0 0 
460990000000022     1630765494056903 0 0 0 0 0 0 1 0 0 0 
460990000000022     1630765494057130 0 0 0 0 0 0 0 1 0 0 
460990000000009     1630765494242150 0 0 0 0 0 0 1 0 0 0 
460990000000009     1630765494242331 0 0 0 0 0 0 0 1 0 0 
460990000000075     1630765494294367 0 0 0 0 0 1 0 0 0 0 
460990000000005     1630765494327314 0 0 0 0 0 0 1 0 0 0 
460990000000005     1630765494327592 0 0 0 0 0 0 0 1 0 0 
460990000000039     1630765494337152 0 0 0 0 0 0 1 0 0 0 
460990000000039     1630765494337334 0 0 0 0 0 0 0 1 0 0 
460990000000041     1630765494482355 0 0 0 0 0 0 1 0 0 0 
460990000000041     1630765494482605 0 0 0 0 0 0 0 1 0 0 
460990000000100     1630765494561007 0 0 0 0 0 0 1 0 0 0 
460990000000100     1630765494561224 0 0 0 0 0 0 0 1 0 0 
460990000000044     1630765494570227 0 0 0 0 0 0 1 0 0 0 
460990000000044     1630765494570400 0 0 0 0 0 0 0 1 0 0 
460990000000037     1630765494685206 0 0 0 0 0 0 1 0 0 0 
460990000000037     1630765494685398 0 0 0 0 0 0 0 1 0 0 
460990000000045     1630765494789682 0 0 0 0 0 1 0 0 0 0 
460990000000070     1630765494796397 0 0 0 0 0 1 0 0 0 0 
460990000000069     1630765494803208 0 0 0 0 0 0 1 0 0 0 
460990000000069     1630765494803376 0 0 0 0 0 0 0 1 0 0 
460990000000051     1630765494867129 0 0 0 0 0 0 1 0 0 0 
460990000000051     1630765494867344 0 0 0 0 0 0 0 1 0 0 
460990000000080     1630765495029405 0 0 0 0 0 0 1 0 0 0 
460990000000080     1630765495029612 0 0 0 0 0 0 0 1 0 0 
460990000000011     1630765495097250 0 0 0 0 0 0 1 0 0 0 
460990000000011     1630765495097463 0 0 0 0 0 0 0 1 0 0 
460990000000088     1630765495251861 0 0 0 0 0 0 1 0 0 0 
460990000000088     1630765495252063 0 0 0 0 0 0 0 1 0 0 
460990000000049     1630765495292764 0 0 0 0 0 0 1 0 0 0 
460990000000049     1630765495292946 0 0 0 0 0 0 0 1 0 0 
460990000000042     1630765495366977 0 0 0 0 0 0 1 0 0 0 
460990000000042     1630765495367165 0 0 0 0 0 0 0 1 0 0 
460990000000095     1630765495396599 0 0 0 0 0 0 1 0 0 0 
460990000000095     1630765495396775 0 0 0 0 0 0 0 1 0 0 
460990000000032     1630765495459899 0 0 0 0 0 0 1 0 0 0 
460990000000032     1630765495460075 0 0 0 0 0 0 0 1 0 0 
460990000000071     1630765495497317 0 0 0 0 0 1 0 0 0 0 
460990000000015     1630765495596198 0 0 0 0 0 0 1 0 0 0 
460990000000015     1630765495596408 0 0 0 0 0 0 0 1 0 0 
460990000000097     1630765495710590 0 0 0 0 0 0 1 0 0 0 
460990000000097     1630765495710847 0 0 0 0 0 0 0 1 0 0 
460990000000063     1630765495723544 0 0 0 0 0 0 1 0 0 0 
460990000000063     1630765495723749 0 0 0 0 0 0 0 1 0 0 
460990000000018     1630765495802824 0 0 0 0 0 0 1 0 0 0 
460990000000018     1630765495803044 0 0 0 0 0 0 0 1 0 0 
460990000000040     1630765495943650 0 0 0 0 0 0 1 0 0 0 
460990000000040     1630765495943844 0 0 0 0 0 0 0 1 0 0 
460990000000084     1630765495977071 0 0 0 0 0 0 1 0 0 0 
460990000000084     1630765495977309 0 0 0 0 0 0 0 1 0 0 
460990000000038     1630765496005438 0 0 0 0 0 0 1 0 0 0 
460990000000038     1630765496005689 0 0 0 0 0 0 0 1 0 0 
460990000000074     1630765496207951 0 0 0 0 0 0 1 0 0 0 
460990000000074     1630765496208149 0 0 0 0 0 0 0 1 0 0 
460990000000089     1630765496290056 0 0 0 0 0 0 1 0 0 0 
460990000000089     1630765496290330 0 0 0 0 0 0 0 1 0 0 
460990000000043     1630765496456436 0 0 0 0 0 0 1 0 0 0 
460990000000043     1630765496456637 0 0 0 0 0 0 0 1 0 0 
460990000000014     1630765496498569 0 0 0 0 0 0 1 0 0 0 
460990000000014     1630765496498761 0 0 0 0 0 0 0 1 0 0 
460990000000019     1630765496526030 0 0 0 0 0 0 0 0 1 0 
460990000000054     1630765496651968 0 0 0 0 0 0 1 0 0 0 
460990000000054     1630765496652166 0 0 0 0 0 0 0 1 0 0 
460990000000081     1630765496697477 0 0 0 0 0 0 1 0 0 0 
460990000000081     1630765496697714 0 0 0 0 0 0 0 1 0 0 
460990000000086     1630765496736486 0 0 0 0 0 0 0 0 1 0 
460990000000087     1630765496857222 0 0 0 0 0 0 0 0 1 0 
460990000000033     1630765497058151 0 0 0 0 0 0 1 0 0 0 
460990000000033     1630765497058406 0 0 0 0 0 0 0 1 0 0 
460990000000093     1630765497087116 0 0 0 0 0 0 0 0 1 0 
460990000000035     1630765497149829 0 0 0 0 0 0 0 0 0 1 
460990000000057     1630765497213249 0 0 0 0 0 0 1 0 0 0 
460990000000057     1630765497213492 0 0 0 0 0 0 0 1 0 0 
460990000000094     1630765497267219 0 0 0 0 0 0 0 0 1 0 
460990000000016     1630765497449580 0 0 0 0 0 0 1 0 0 0 
460990000000016     1630765497449828 0 0 0 0 0 0 0 1 0 0 
460990000000036     1630765497481595 0 0 0 0 0 0 1 0 0 0 
460990000000036     1630765497481968 0 0 0 0 0 0 0 1 0 0 
460990000000007     1630765497588676 0 0 0 0 0 0 0 0 1 0 
460990000000050     1630765497613788 0 0 0 0 0 1 0 0 0 0 
460990000000024     1630765497688524 0 0 0 0 0 0 1 0 0 0 
460990000000024     1630765497688849 0 0 0 0 0 0 0 1 0 0 
460990000000072     1630765497832814 0 0 0 0 0 1 0 0 0 0 
460990000000046     1630765497893821 0 0 0 0 0 0 0 0 0 1 
460990000000025     1630765497902889 0 0 0 0 0 0 1 0 0 0 
460990000000025     1630765497903086 0 0 0 0 0 0 0 1 0 0 
460990000000059     1630765497965084 0 0 0 0 0 0 0 0 1 0 
460990000000013     1630765498173549 0 0 0 0 0 0 1 0 0 0 
460990000000013     1630765498173920 0 0 0 0 0 0 0 1 0 0 
460990000000062     1630765498206644 0 0 0 0 0 0 1 0 0 0 
460990000000062     1630765498206814 0 0 0 0 0 0 0 1 0 0 
460990000000065     1630765498268168 0 0 0 0 0 0 1 0 0 0 
460990000000065     1630765498268367 0 0 0 0 0 0 0 1 0 0 
460990000000030     1630765498373476 0 0 0 0 0 0 1 0 0 0 
460990000000030     1630765498373663 0 0 0 0 0 0 0 1 0 0 
460990000000082     1630765498386801 0 0 0 0 0 0 0 0 1 0 
460990000000008     1630765498622611 0 0 0 0 0 0 1 0 0 0 
460990000000008     1630765498622837 0 0 0 0 0 0 0 1 0 0 
460990000000086     1630765498653981 0 0 0 0 0 0 0 0 0 1 
460990000000099     1630765498733787 0 0 0 0 0 0 0 0 1 0 
460990000000010     1630765498835925 0 0 0 0 0 0 1 0 0 0 
460990000000010     1630765498836133 0 0 0 0 0 0 0 1 0 0 
460990000000056     1630765498921089 0 0 0 0 0 0 1 0 0 0 
460990000000056     1630765498921281 0 0 0 0 0 0 0 1 0 0 
460990000000048     1630765499043662 0 0 0 0 0 1 0 0 0 0 
460990000000007     1630765499047008 0 0 0 0 0 0 0 0 0 1 
460990000000079     1630765499102900 0 0 0 0 0 0 0 0 1 0 
460990000000090     1630765499220502 0 0 0 0 0 0 0 0 1 0 
460990000000092     1630765499309529 0 0 0 0 0 0 0 0 1 0 
460990000000028     1630765499309512 0 0 0 0 0 0 1 0 0 0 
460990000000028     1630765499309715 0 0 0 0 0 0 0 1 0 0 
460990000000059     1630765499436767 0 0 0 0 0 0 0 0 0 1 
460990000000031     1630765499538007 0 0 0 0 0 0 1 0 0 0 
460990000000031     1630765499538223 0 0 0 0 0 0 0 1 0 0 
460990000000019     1630765499665008 0 0 0 0 0 0 0 0 0 1 
460990000000003     1630765499768946 0 0 0 0 0 0 1 0 0 0 
460990000000003     1630765499769223 0 0 0 0 0 0 0 1 0 0 
460990000000093     1630765499829530 0 0 0 0 0 0 0 0 0 1 
460990000000082     1630765499985576 0 0 0 0 0 0 0 0 0 1 
460990000000073     1630765500018528 0 0 0 0 0 0 1 0 0 0 
460990000000073     1630765500018744 0 0 0 0 0 0 0 1 0 0 
460990000000001     1630765500210441 0 0 0 0 0 1 0 0 0 0 
460990000000029     1630765500420074 0 0 0 0 0 1 0 0 0 0 
460990000000021     1630765500683125 0 0 0 0 0 0 1 0 0 0 
460990000000021     1630765500683322 0 0 0 0 0 0 0 1 0 0 
460990000000092     1630765500794031 0 0 0 0 0 0 0 0 0 1 
460990000000096     1630765500900701 0 0 0 0 0 0 0 0 1 0 
460990000000061     1630765500934278 0 0 0 0 0 0 0 0 1 0 
460990000000060     1630765501055548 0 0 0 0 0 0 1 0 0 0 
460990000000060     1630765501055913 0 0 0 0 0 0 0 1 0 0 
460990000000027     1630765501056155 0 0 0 0 0 0 1 0 0 0 
460990000000027     1630765501056316 0 0 0 0 0 0 0 1 0 0 
460990000000058     1630765501258217 0 0 0 0 0 0 1 0 0 0 
460990000000058     1630765501258421 0 0 0 0 0 0 0 1 0 0 
460990000000012     1630765501474682 0 0 0 0 0 0 1 0 0 0 
460990000000012     1630765501474881 0 0 0 0 0 0 0 1 0 0 
460990000000090     1630765501536749 0 0 0 0 0 0 0 0 0 1 
460990000000091     1630765501706209 0 0 0 0 0 0 0 0 1 0 
460990000000078     1630765501731646 0 0 0 0 0 0 1 0 0 0 
460990000000078     1630765501731960 0 0 0 0 0 0 0 1 0 0 
460990000000004     1630765501750736 0 0 0 0 0 0 0 0 1 0 
460990000000076     1630765501947435 0 0 0 0 0 0 1 0 0 0 
460990000000076     1630765501947668 0 0 0 0 0 0 0 1 0 0 
460990000000002     1630765502048450 0 0 0 0 0 0 1 0 0 0 
460990000000002     1630765502048805 0 0 0 0 0 0 0 1 0 0 
460990000000098     1630765502142184 0 0 0 0 0 0 0 0 0 1 
460990000000068     1630765502189838 0 0 0 0 0 0 1 0 0 0 
460990000000068     1630765502190153 0 0 0 0 0 0 0 1 0 0 
460990000000061     1630765502354155 0 0 0 0 0 0 0 0 0 1 
460990000000020     1630765502408874 0 0 0 0 0 0 1 0 0 0 
460990000000020     1630765502409170 0 0 0 0 0 0 0 1 0 0 
460990000000083     1630765502818801 0 0 0 0 0 0 0 0 1 0 
460990000000022     1630765503024619 0 0 0 0 0 0 0 0 1 0 
460990000000023     1630765503024682 0 0 0 0 0 0 0 0 0 1 
460990000000009     1630765503241497 0 0 0 0 0 0 0 0 1 0 
460990000000034     1630765503442087 0 0 0 0 0 0 0 0 1 0 
460990000000039     1630765503442102 0 0 0 0 0 0 0 0 1 0 
460990000000004     1630765503649455 0 0 0 0 0 0 0 0 0 1 
460990000000041     1630765503793624 0 0 0 0 0 0 0 0 1 0 
460990000000067     1630765503817784 0 0 0 0 0 1 0 0 0 0 
460990000000053     1630765503818289 0 0 0 0 0 0 1 0 0 0 
460990000000053     1630765503818470 0 0 0 0 0 0 0 1 0 0 
460990000000047     1630765504038355 0 0 0 0 0 1 0 0 0 0 
460990000000022     1630765504520719 0 0 0 0 0 0 0 0 0 1 
460990000000085     1630765504530499 0 0 0 0 0 0 0 0 1 0 
460990000000005     1630765505268949 0 0 0 0 0 0 0 0 0 1 
460990000000006     1630765505437760 0 0 0 0 0 0 0 0 1 0 
460990000000039     1630765505640593 0 0 0 0 0 0 0 0 0 1 
460990000000017     1630765506038143 0 0 0 0 0 0 0 0 1 0 
460990000000055     1630765506445947 0 0 0 0 0 0 1 0 0 0 
460990000000055     1630765506446149 0 0 0 0 0 0 0 1 0 0 
460990000000026     1630765506638343 0 0 0 0 0 0 0 0 1 0 
460990000000044     1630765507179535 0 0 0 0 0 0 0 0 1 0 
460990000000037     1630765507382005 0 0 0 0 0 0 0 0 1 0 
460990000000052     1630765507624616 0 0 0 0 0 0 1 0 0 0 
460990000000052     1630765507624790 0 0 0 0 0 0 0 1 0 0 
460990000000066     1630765508059243 0 0 0 0 0 0 0 0 1 0 
460990000000077     1630765508467218 0 0 0 0 0 0 1 0 0 0 
460990000000077     1630765508467421 0 0 0 0 0 0 0 1 0 0 
460990000000044     1630765508635237 0 0 0 0 0 0 0 0 0 1 
460990000000064     1630765508699622 0 0 0 0 0 0 1 0 0 0 
460990000000064     1630765508699899 0 0 0 0 0 0 0 1 0 0 
460990000000037     1630765508819541 0 0 0 0 0 0 0 0 0 1 
460990000000075     1630765509117984 0 0 0 0 0 0 1 0 0 0 
460990000000075     1630765509118187 0 0 0 0 0 0 0 1 0 0 
460990000000087     1630765509545507 0 0 0 0 0 0 0 0 0 1 
460990000000083     1630765509736727 0 0 0 0 0 0 0 0 0 1 
460990000000034     1630765510172877 0 0 0 0 0 0 0 0 0 1 
460990000000094     1630765510343919 0 0 0 0 0 0 0 0 0 1 
460990000000085     1630765510534858 0 0 0 0 0 0 0 0 0 1 
460990000000099     1630765510778326 0 0 0 0 0 0 0 0 0 1 
460990000000100     1630765510992982 0 0 0 0 0 0 0 0 1 0 
460990000000051     1630765511193930 0 0 0 0 0 0 0 0 1 0 
460990000000080     1630765511400580 0 0 0 0 0 0 0 0 1 0 
460990000000006     1630765511400583 0 0 0 0 0 0 0 0 0 1 
460990000000079     1630765511409278 0 0 0 0 0 0 0 0 0 1 
460990000000026     1630765511860890 0 0 0 0 0 0 0 0 0 1 
460990000000017     1630765512102177 0 0 0 0 0 0 0 0 0 1 
460990000000045     1630765512275778 0 0 0 0 0 0 1 0 0 0 
460990000000045     1630765512276054 0 0 0 0 0 0 0 1 0 0 
460990000000069     1630765512288957 0 0 0 0 0 0 0 0 0 1 
460990000000051     1630765512422766 0 0 0 0 0 0 0 0 0 1 
460990000000088     1630765512431979 0 0 0 0 0 0 0 0 1 0 
460990000000070     1630765512516774 0 0 0 0 0 0 1 0 0 0 
460990000000070     1630765512516981 0 0 0 0 0 0 0 1 0 0 
460990000000049     1630765512613821 0 0 0 0 0 0 0 0 1 0 
460990000000095     1630765512657813 0 0 0 0 0 0 0 0 1 0 
460990000000066     1630765512864856 0 0 0 0 0 0 0 0 0 1 
460990000000096     1630765512940207 0 0 0 0 0 0 0 0 0 1 
460990000000032     1630765512956069 0 0 0 0 0 0 0 0 1 0 
460990000000091     1630765513160632 0 0 0 0 0 0 0 0 0 1 
460990000000009     1630765513360884 0 0 0 0 0 0 0 0 0 1 
460990000000097     1630765513368320 0 0 0 0 0 0 0 0 1 0 
460990000000071     1630765513527634 0 0 0 0 0 0 1 0 0 0 
460990000000071     1630765513527912 0 0 0 0 0 0 0 1 0 0 
460990000000088     1630765513907261 0 0 0 0 0 0 0 0 0 1 
460990000000041     1630765513932430 0 0 0 0 0 0 0 0 0 1 
460990000000049     1630765514057398 0 0 0 0 0 0 0 0 0 1 
460990000000011     1630765514120023 0 0 0 0 0 0 0 0 1 0 
460990000000063     1630765514417359 0 0 0 0 0 0 0 0 1 0 
460990000000042     1630765514620540 0 0 0 0 0 0 0 0 1 0 
460990000000095     1630765514620545 0 0 0 0 0 0 0 0 0 1 
460990000000084     1630765514687363 0 0 0 0 0 0 0 0 1 0 
460990000000032     1630765514897029 0 0 0 0 0 0 0 0 0 1 
460990000000097     1630765514946368 0 0 0 0 0 0 0 0 0 1 
460990000000015     1630765515001962 0 0 0 0 0 0 0 0 1 0 
460990000000038     1630765515206314 0 0 0 0 0 0 0 0 1 0 
460990000000100     1630765515471729 0 0 0 0 0 0 0 0 0 1 
460990000000018     1630765515644846 0 0 0 0 0 0 0 0 1 0 
460990000000063     1630765515897593 0 0 0 0 0 0 0 0 0 1 
460990000000040     1630765515972531 0 0 0 0 0 0 0 0 0 1 
460990000000084     1630765516293202 0 0 0 0 0 0 0 0 0 1 
460990000000080     1630765516355331 0 0 0 0 0 0 0 0 0 1 
460990000000011     1630765516541538 0 0 0 0 0 0 0 0 0 1 
460990000000089     1630765516891485 0 0 0 0 0 0 0 0 1 0 
460990000000042     1630765517096625 0 0 0 0 0 0 0 0 0 1 
460990000000043     1630765517096823 0 0 0 0 0 0 0 0 1 0 
460990000000015     1630765517185984 0 0 0 0 0 0 0 0 0 1 
460990000000074     1630765517439929 0 0 0 0 0 0 0 0 1 0 
460990000000018     1630765517950220 0 0 0 0 0 0 0 0 0 1 
460990000000089     1630765518337759 0 0 0 0 0 0 0 0 0 1 
460990000000043     1630765518430131 0 0 0 0 0 0 0 0 0 1 
460990000000074     1630765518959685 0 0 0 0 0 0 0 0 0 1 
460990000000054     1630765519077701 0 0 0 0 0 0 0 0 1 0 
460990000000014     1630765519278044 0 0 0 0 0 0 0 0 1 0 
460990000000081     1630765519278077 0 0 0 0 0 0 0 0 1 0 
460990000000057     1630765519482194 0 0 0 0 0 0 0 0 1 0 
460990000000016     1630765519686342 0 0 0 0 0 0 0 0 1 0 
460990000000038     1630765519689802 0 0 0 0 0 0 0 0 0 1 
460990000000033     1630765519981576 0 0 0 0 0 0 0 0 1 0 
460990000000024     1630765520181861 0 0 0 0 0 0 0 0 1 0 
460990000000054     1630765520389250 0 0 0 0 0 0 0 0 0 1 
460990000000036     1630765520399465 0 0 0 0 0 0 0 0 1 0 
460990000000081     1630765520598792 0 0 0 0 0 0 0 0 0 1 
460990000000057     1630765520707314 0 0 0 0 0 0 0 0 0 1 
460990000000050     1630765520820867 0 0 0 0 0 0 1 0 0 0 
460990000000050     1630765520821072 0 0 0 0 0 0 0 1 0 0 
460990000000016     1630765521011392 0 0 0 0 0 0 0 0 0 1 
460990000000014     1630765521071880 0 0 0 0 0 0 0 0 0 1 
460990000000025     1630765521161059 0 0 0 0 0 0 0 0 1 0 
460990000000072     1630765521238280 0 0 0 0 0 0 1 0 0 0 
460990000000072     1630765521238478 0 0 0 0 0 0 0 1 0 0 
460990000000033     1630765521508136 0 0 0 0 0 0 0 0 0 1 
460990000000062     1630765521688631 0 0 0 0 0 0 0 0 1 0 
460990000000065     1630765521889925 0 0 0 0 0 0 0 0 1 0 
460990000000013     1630765522095429 0 0 0 0 0 0 0 0 1 0 
460990000000024     1630765522300456 0 0 0 0 0 0 0 0 0 1 
460990000000008     1630765522300491 0 0 0 0 0 0 0 0 1 0 
460990000000030     1630765522367651 0 0 0 0 0 0 0 0 1 0 
460990000000036     1630765522791905 0 0 0 0 0 0 0 0 0 1 
460990000000025     1630765523043773 0 0 0 0 0 0 0 0 0 1 
460990000000062     1630765523222710 0 0 0 0 0 0 0 0 0 1 
460990000000065     1630765523301985 0 0 0 0 0 0 0 0 0 1 
460990000000010     1630765523506265 0 0 0 0 0 0 0 0 1 0 
460990000000056     1630765523614464 0 0 0 0 0 0 0 0 1 0 
460990000000048     1630765523614440 0 0 0 0 0 0 1 0 0 0 
460990000000048     1630765523614714 0 0 0 0 0 0 0 1 0 0 
460990000000013     1630765523825684 0 0 0 0 0 0 0 0 0 1 
460990000000028     1630765524084413 0 0 0 0 0 0 0 0 1 0 
460990000000031     1630765524286096 0 0 0 0 0 0 0 0 1 0 
460990000000003     1630765524562333 0 0 0 0 0 0 0 0 1 0 
460990000000030     1630765524768586 0 0 0 0 0 0 0 0 0 1 
460990000000008     1630765524771801 0 0 0 0 0 0 0 0 0 1 
460990000000010     1630765524974130 0 0 0 0 0 0 0 0 0 1 
460990000000056     1630765525335472 0 0 0 0 0 0 0 0 0 1 
460990000000028     1630765525475439 0 0 0 0 0 0 0 0 0 1 
460990000000073     1630765525621350 0 0 0 0 0 0 0 0 1 0 
460990000000021     1630765525822096 0 0 0 0 0 0 0 0 1 0 
460990000000060     1630765525822176 0 0 0 0 0 0 0 0 1 0 
460990000000058     1630765525967707 0 0 0 0 0 0 0 0 1 0 
460990000000001     1630765525967859 0 0 0 0 0 0 1 0 0 0 
460990000000001     1630765525968112 0 0 0 0 0 0 0 1 0 0 
460990000000003     1630765525999652 0 0 0 0 0 0 0 0 0 1 
460990000000029     1630765526184601 0 0 0 0 0 0 1 0 0 0 
460990000000029     1630765526184782 0 0 0 0 0 0 0 1 0 0 
460990000000012     1630765526355953 0 0 0 0 0 0 0 0 1 0 
460990000000031     1630765526405308 0 0 0 0 0 0 0 0 0 1 
460990000000076     1630765526640074 0 0 0 0 0 0 0 0 1 0 
460990000000027     1630765526842167 0 0 0 0 0 0 0 0 1 0 
460990000000021     1630765527116265 0 0 0 0 0 0 0 0 0 1 
460990000000002     1630765527183430 0 0 0 0 0 0 0 0 1 0 
460990000000078     1630765527386070 0 0 0 0 0 0 0 0 1 0 
460990000000020     1630765527589942 0 0 0 0 0 0 0 0 1 0 
460990000000073     1630765527796984 0 0 0 0 0 0 0 0 0 1 
460990000000012     1630765527799698 0 0 0 0 0 0 0 0 0 1 
460990000000068     1630765527988598 0 0 0 0 0 0 0 0 1 0 
460990000000058     1630765528230811 0 0 0 0 0 0 0 0 0 1 
460990000000067     1630765528391817 0 0 0 0 0 0 1 0 0 0 
460990000000067     1630765528392063 0 0 0 0 0 0 0 1 0 0 
460990000000076     1630765528568583 0 0 0 0 0 0 0 0 0 1 
460990000000053     1630765528637543 0 0 0 0 0 0 0 0 1 0 
460990000000055     1630765528685512 0 0 0 0 0 0 0 0 1 0 
460990000000077     1630765529013040 0 0 0 0 0 0 0 0 1 0 
460990000000064     1630765529151160 0 0 0 0 0 0 0 0 1 0 
460990000000047     1630765529151201 0 0 0 0 0 0 1 0 0 0 
460990000000047     1630765529151420 0 0 0 0 0 0 0 1 0 0 
460990000000060     1630765529384704 0 0 0 0 0 0 0 0 0 1 
460990000000002     1630765529500735 0 0 0 0 0 0 0 0 0 1 
460990000000078     1630765529597896 0 0 0 0 0 0 0 0 0 1 
460990000000020     1630765529633911 0 0 0 0 0 0 0 0 0 1 
460990000000052     1630765529781566 0 0 0 0 0 0 0 0 1 0 
460990000000055     1630765530221897 0 0 0 0 0 0 0 0 0 1 
460990000000027     1630765530253022 0 0 0 0 0 0 0 0 0 1 
460990000000075     1630765530419457 0 0 0 0 0 0 0 0 1 0 
460990000000064     1630765530628403 0 0 0 0 0 0 0 0 0 1 
460990000000068     1630765530809269 0 0 0 0 0 0 0 0 0 1 
460990000000053     1630765531254925 0 0 0 0 0 0 0 0 0 1 
460990000000052     1630765531427601 0 0 0 0 0 0 0 0 0 1 
460990000000077     1630765531546565 0 0 0 0 0 0 0 0 0 1 
460990000000075     1630765532247857 0 0 0 0 0 0 0 0 0 1 
460990000000045     1630765532323800 0 0 0 0 0 0 0 0 1 0 
460990000000070     1630765532671104 0 0 0 0 0 0 0 0 1 0 
460990000000071     1630765532873994 0 0 0 0 0 0 0 0 1 0 
460990000000050     1630765533600563 0 0 0 0 0 0 0 0 1 0 
460990000000072     1630765533802380 0 0 0 0 0 0 0 0 1 0 
460990000000045     1630765533804991 0 0 0 0 0 0 0 0 0 1 
460990000000048     1630765533993627 0 0 0 0 0 0 0 0 1 0 
460990000000001     1630765534268354 0 0 0 0 0 0 0 0 1 0 
460990000000029     1630765534706197 0 0 0 0 0 0 0 0 1 0 
460990000000067     1630765535025326 0 0 0 0 0 0 0 0 1 0 
460990000000047     1630765535226376 0 0 0 0 0 0 0 0 1 0 
460990000000071     1630765535687513 0 0 0 0 0 0 0 0 0 1 
460990000000001     1630765535941915 0 0 0 0 0 0 0 0 0 1 
460990000000070     1630765536163758 0 0 0 0 0 0 0 0 0 1 
460990000000072     1630765537287357 0 0 0 0 0 0 0 0 0 1 
460990000000048     1630765537814896 0 0 0 0 0 0 0 0 0 1 
460990000000067     1630765538350012 0 0 0 0 0 0 0 0 0 1 
460990000000050     1630765539184355 0 0 0 0 0 0 0 0 0 1 
460990000000029     1630765541480588 0 0 0 0 0 0 0 0 0 1 
460990000000047     1630765541877954 0 0 0 0 0 0 0 0 0 1 
