1630918123696586	1
1630918125868865	2
1630918126937265	3
1630918128120538	4
1630918129084769	5
1630918130168626	6
1630918131236767	7
1630918132313098	8
1630918133385992	9
1630918134421118	10
1630918138670001	11
1630918140869361	12
1630918142996199	13
1630918152716972	14
1630918158166072	15
1630918160237719	16
1630918163504618	17
1630918165619635	18
1630918269435871	19
1630918269509530	21
1630918269510047	21
1630918269513308	22
1630918281383725	23
1630918281431789	24
1630918281433375	25
1630918281440371	26
1630918281448880	27
1630918288529101	28
1630918288573394	29
1630918288574178	30
1630918288575281	33
1630918288575291	33
1630918288575471	33
1630918288576074	34
1630918289393589	35
1630918290516935	36
1630918291573266	37
1630918292614839	38
1630918293720342	39
1630918294764797	40
1630918296723139	41
1630918297039948	42
1630918298020486	43
1630918299087245	44
1630918300336244	45
1630918301160417	46
1630918303506188	47
1630918314252695	48
1630918345377448	49
1630918345378863	52
1630918345378094	52
1630918345378224	52
1630918345383911	53
1630918345384392	54
1630918345391876	55
1630918345392312	56
1630918345431471	57
1630918406801519	58
1630918406849217	67
1630918406845250	67
1630918406850334	68
1630918406850807	69
1630918406845470	69
1630918406847436	69
1630918406846457	69
1630918406846997	69
1630918406852862	70
1630918406845786	70
1630918406847716	70
1630918406854224	72
1630918406854382	72
1630918406845991	72
1630918406860254	73
1630918406872114	74
1630918406877798	75
1630918406890601	76
1630918406895279	77
1630918406896849	78
1630918406898974	79
1630918406901112	80
1630918406905008	81
1630918406909845	82
1630918406916364	83
1630918406920580	84
1630918406948827	85
1630918406949724	87
1630918406949613	87
1630918406950627	88
1630918406956154	89
1630918406960417	90
1630918406965958	91
1630918406969730	92
1630918406973306	93
1630918406988763	94
1630918406992827	95
1630918406996895	96
1630918407000153	97
1630918407006028	98
1630918407007803	99
1630918407020336	100
1630918407020828	101
1630918407021090	102
1630918407022392	103
1630918407022594	104
1630918407049948	106
1630918407049814	106
1630918407051972	107
1630918407052678	109
1630918407052607	109
1630918407053506	111
1630918407053455	111
1630918407054574	112
1630918407055065	113
1630918407058264	114
1630918407061045	115
1630918407064352	116
1630918407065417	117
1630918407072712	118
1630918407073195	119
1630918407074936	120
1630918407077895	121
1630918407091613	122
1630918407093100	123
1630918407093521	124
1630918407096235	125
1630918407099392	126
1630918407106129	127
1630918407106711	128
1630918407107284	129
1630918407109697	130
1630918407946847	131
1630918408785588	132
1630918409422064	133
1630918412389151	134
1630918412595836	135
1630918413696612	136
1630918414534823	137
1630918414683658	138
1630918416744061	139
1630918416939887	140
1630918418044961	141
1630918418967886	142
1630918419069620	143
1630918420293916	144
1630918421513112	145
1630918422248519	146
1630918424601267	147
1630918424647845	148
1630918425669153	149
1630918427201750	150
1630918428147792	151
1630918429137056	152
1630918429208086	153
1630918430366092	154
1630918431337095	155
1630918432414657	156
1630918433546062	157
1630918434601412	158
1630918435709838	159
1630918437822919	160
1630918437969605	161
1630918438962071	162
1630918440137341	163
1630918441177115	164
1630918442210284	165
1630918443282982	166
1630918444353162	167
1630918446540221	168
1630918446766596	169
1630918447103882	170
1630918447323592	171
1630918447644890	172
1630918448012953	173
1630918448456505	174
1630918449205068	175
1630918449288987	176
1630918449446265	177
1630918449534127	178
1630918449857621	179
1630918450031063	180
1630918450097994	181
1630918451063340	182
1630918451220104	183
1630918451777861	184
1630918451958356	185
1630918452169070	186
1630918452223002	187
1630918453198972	188
1630918453214434	189
1630918453622999	190
1630918453814180	191
1630918454294908	192
1630918454750038	193
1630918456145953	194
1630918456491114	195
1630918456703279	196
1630918458353240	197
1630918458849642	198
1630918458908645	199
1630918459026314	200
1630918459192209	201
1630918460045924	202
1630918460670351	203
1630918461413498	204
1630918461863096	205
1630918461973566	206
1630918462348102	208
1630918462348196	208
1630918462667968	209
1630918463184826	210
1630918463297663	211
1630918463832206	212
1630918464246818	213
1630918464568092	214
1630918464800766	215
1630918464922473	216
1630918465303140	217
1630918466221056	218
1630918467066512	219
1630918467398747	220
1630918467580182	221
1630918468194632	222
1630918468437934	223
1630918468481224	224
1630918468742840	225
1630918469084322	226
1630918469930272	227
1630918470136560	228
1630918470295852	229
1630918470520007	230
1630918471641781	231
1630918472744105	232
1630918473077425	233
1630918473134731	234
1630918473779008	235
1630918473997907	236
1630918474475594	237
1630918475773311	238
1630918476641838	239
1630918477010873	240
1630918477074985	241
1630918477235895	242
1630918477283456	243
1630918477820467	244
1630918478246922	245
1630918479282772	246
1630918479581669	247
1630918479936216	248
1630918480329270	249
1630918481178320	250
1630918481181602	251
1630918481437960	252
1630918481652794	253
1630918482181372	254
1630918483289155	255
1630918484365618	256
1630918485680433	257
1630918486749476	258
1630918495769783	259
1630918495962544	260
1630918496130224	261
1630918496738622	262
1630918497207165	263
1630918497605615	264
1630918498612683	265
1630918500100750	266
1630918502240895	267
1630918503216951	268
1630918504341181	269
1630918504343601	270
1630918505549118	271
1630918505551402	272
1630918505628370	273
1630918505829785	274
1630918506401887	275
1630918506402800	276
1630918506420174	277
1630918506522111	278
1630918506683999	279
1630918506910973	280
1630918507054580	281
1630918507406592	282
1630918507526313	283
1630918507624535	284
1630918507735274	285
1630918507900371	286
1630918508098323	287
1630918508258837	288
1630918508567207	289
1630918508568933	290
1630918508732412	291
1630918508804305	292
1630918508931965	293
1630918509104207	294
1630918509285321	295
1630918509458280	296
1630918509721581	297
1630918509724154	298
1630918509793660	299
1630918509946717	300
1630918510129395	301
1630918510295985	302
1630918510493902	303
1630918510754492	304
1630918510757511	305
1630918510759638	306
1630918510875280	307
1630918511029089	308
1630918511275163	309
1630918511421315	310
1630918511676453	311
1630918511997917	312
1630918512082855	313
1630918512156067	314
1630918512394437	315
1630918512413067	316
1630918512730813	317
1630918512733054	318
1630918512914631	319
1630918512922134	320
1630918512989773	321
1630918513199997	322
1630918513260809	323
1630918513282333	324
1630918513376628	325
1630918513636867	327
1630918513637084	327
1630918513667433	328
1630918513762592	329
1630918513981975	331
1630918513981716	331
1630918514013564	332
1630918514129678	333
1630918514276435	334
1630918514386853	335
1630918514430711	336
1630918514504027	337
1630918514634431	338
1630918515085007	339
1630918515191847	340
1630918515458376	341
1630918515570274	342
1630918515575164	343
1630918515908144	344
1630918516251399	345
1630918516311884	346
1630918516506463	347
1630918516587045	348
1630918516663706	349
1630918517076971	350
1630918517078451	351
1630918517928608	352
1630918518016937	353
1630918518295195	354
1630918518297847	355
1630918518300584	356
1630918518645058	357
1630918518649555	358
1630918519483291	359
1630918519488015	360
1630918519583820	361
1630918520061387	362
1630918521076620	363
1630918521297324	364
1630918521560040	365
1630918521726509	366
1630918521877188	367
1630918522077657	368
1630918522627918	369
1630918522767650	370
1630918523765171	371
1630918530937187	372
1630918531208224	373
1630918531697867	374
1630918532034758	375
1630918532295396	376
1630918532761688	377
1630918533327748	378
1630918534515016	379
1630918534613268	380
1630918534786227	381
1630918535208300	382
1630918535605791	383
1630918535621765	384
1630918536042671	385
1630918536339603	386
1630918536769999	387
1630918537661798	388
1630918537953312	389
1630918539372159	390
1630918540769216	391
1630918540780498	392
1630918540846870	393
1630918541637374	394
1630918541868657	395
1630918542254118	396
1630918542785630	397
1630918543756981	398
1630918544725826	399
1630918544931844	400
1630918544937743	401
1630918545145383	402
1630918545190258	403
1630918545287377	404
1630918545799893	405
1630918545819910	406
1630918546090444	407
1630918546276759	408
1630918546541291	409
1630918547593165	410
1630918547596281	411
1630918547899462	412
1630918548246074	413
1630918548994576	414
1630918549299033	415
1630918549304181	416
1630918549730845	417
1630918550112593	418
1630918550457976	419
1630918551767131	420
1630918551991405	421
1630918552226515	422
1630918552375572	423
1630918552383245	424
1630918552474662	425
1630918552557344	426
1630918553236511	427
1630918553395920	428
1630918554152906	429
1630918554165394	430
1630918554346349	431
1630918554843975	432
1630918555309150	433
1630918555475827	434
1630918556005068	435
1630918556008694	436
1630918556284573	437
1630918556326859	438
1630918556465848	439
1630918556876643	440
1630918557797890	441
1630918558105158	442
1630918558140215	443
1630918558340388	444
1630918558793460	445
1630918558905554	446
1630918559540938	447
1630918560301140	448
1630918560377868	449
1630918560551857	450
1630918560644812	451
1630918560954639	452
1630918561010730	453
1630918561042917	454
1630918562382462	455
1630918562535429	456
1630918563584976	457
1630918563724560	458
1630918564189743	459
1630918564761694	460
1630918565826896	461
1630918565830687	462
