1630920341949744	1
1630920343279108	2
1630920344603277	3
1630920346093854	4
1630920347600428	5
1630920347755970	6
1630920350744970	7
1630920350987758	8
1630920351289582	9
1630920351761240	10
1630920353734038	11
1630920356527225	12
1630920356843280	13
1630920356998315	14
1630920357935536	15
1630920358450094	16
1630920358603825	17
1630920359048747	18
1630920361950465	19
1630920362901554	20
1630920365646060	21
1630920365762788	22
1630920365987688	23
1630920368580696	24
1630920368753503	25
1630920369471018	26
1630920370933111	27
1630920371555369	28
1630920372305039	29
1630920372486486	30
1630920373038203	31
1630920373222553	32
1630920373788444	33
1630920374985167	34
1630920375796647	35
1630920376976516	36
1630920377208966	37
1630920377438698	38
1630920377530103	39
1630920377716565	40
1630920378033304	41
1630920378685039	42
1630920380513525	43
1630920380887904	44
1630920382276286	45
1630920382730952	46
1630920384412139	47
1630920384698779	48
1630920385784480	49
1630920385989670	50
1630920386778321	51
1630920389290038	52
1630920390022668	53
1630920393075941	54
1630920394850536	55
1630920395238593	56
1630920395735240	57
1630920395786248	58
1630920395961429	59
1630920396322784	60
1630920396846817	61
1630920396847739	63
1630920396847764	63
1630920396952732	64
1630920397560605	65
1630920398345784	66
1630920398549793	67
1630920398750727	68
1630920399276558	69
1630920399387575	70
1630920399547461	71
1630920400151646	72
1630920400905338	73
1630920400945237	74
1630920401060555	75
1630920401102732	76
1630920401241626	77
1630920401468142	78
1630920401885490	79
1630920402025751	80
1630920403171333	81
1630920403533221	82
1630920403690707	83
1630920403932315	84
1630920404039828	85
1630920404904826	86
1630920404950957	87
1630920405865497	88
1630920406161870	89
1630920406860112	90
1630920407081495	91
1630920407312885	92
1630920407670318	93
1630920408621976	94
1630920409528748	95
1630920409797234	96
1630920409799419	97
1630920411293886	98
1630920411504998	99
1630920412288637	100
1630920413314707	101
1630920413350294	102
1630920413517060	103
1630920415422808	104
1630920415633565	105
1630920415958987	106
1630920416493146	107
1630920416697703	108
1630920416705389	109
1630920416908681	110
1630920417113424	111
1630920417317549	112
1630920417830055	113
1630920417833638	114
1630920418031347	115
1630920418434049	116
1630920418437038	117
1630920418842350	118
1630920419733045	119
1630920420072122	120
1630920420505774	121
1630920420614552	122
1630920421743993	123
1630920421897135	124
1630920422170410	125
1630920422451650	126
1630920422652887	127
1630920422655331	128
1630920423025282	129
1630920423510972	130
1630920423916761	131
1630920424069081	132
1630920424467045	133
1630920426217473	134
1630920426599555	135
1630920427131947	136
1630920428373190	137
1630920428681105	138
1630920429020630	139
1630920429830623	140
1630920430288963	141
1630920431065451	142
1630920431748666	144
1630920431748665	144
1630920432505557	145
1630920432580881	146
1630920432799738	147
1630920433353593	148
1630920433856994	149
1630920434521225	150
1630920434850645	151
1630920435517585	152
1630920436257070	153
1630920436466127	154
1630920437228373	155
1630920437854168	156
1630920438356901	157
1630920439140608	158
1630920439408743	159
1630920439957168	160
1630920440798367	161
1630920442274280	162
1630920442312010	163
1630920442835766	164
1630920442836350	165
1630920444377160	166
1630920444786317	167
1630920444997330	168
1630920445200370	169
1630920445397674	170
1630920445401724	171
1630920445403573	172
1630920445805352	173
1630920446872245	174
1630920446875608	175
1630920447813168	176
1630920448114848	177
1630920448521415	178
1630920462993084	179
1630920462997995	180
1630920463024612	181
1630920463028864	182
1630920463034756	183
1630920463038105	184
1630920463042328	185
1630920463046048	186
1630920463048150	187
1630920463051800	188
1630920463055471	189
1630920463057502	190
1630920463059662	191
1630920463065649	192
1630920463069400	193
1630920463072076	194
1630920463075105	195
1630920463075872	196
1630920463081568	197
1630920463085532	198
1630920463125899	199
1630920463132423	200
1630920463132894	201
1630920463137360	202
1630920463141186	203
1630920463143623	204
1630920463147494	205
1630920463150061	206
1630920463152785	207
1630920463156497	208
1630920463158323	209
1630920463161924	210
1630920463166200	211
1630920463167588	212
1630920463173217	213
1630920463174923	214
1630920463204587	215
1630920463205377	216
1630920463205494	217
1630920464198270	218
1630920465129291	219
1630920465344962	220
1630920465427093	221
1630920465629270	222
1630920466430909	223
1630920466843977	224
1630920467249511	225
1630920467252290	226
1630920467853409	227
1630920468141701	228
1630920469421108	229
1630920469774497	230
1630920471237843	231
1630920471650694	232
1630920471917868	233
1630920472787881	234
1630920473038692	235
1630920474878333	236
1630920475081577	237
1630920475690389	238
1630920476542322	239
1630920477425260	240
1630920477876524	241
1630920478216760	242
1630920478514445	243
1630920479718044	244
1630920480691228	245
1630920480811629	246
1630920481574281	247
1630920482367808	248
1630920482930850	249
1630920484278119	250
1630920484935761	251
1630920485586932	252
1630920485692284	253
1630920487463946	254
1630920487469549	255
1630920488389689	256
1630920489328938	257
1630920489680283	258
1630920492909055	259
1630920493049888	260
1630920497034757	261
1630920501462713	262
1630920505676989	263
1630920509834659	264
1630920509976665	265
1630920514060773	266
1630920514215169	267
1630920518023200	268
1630920518112455	269
1630920522359278	270
1630920526362332	271
1630920526728696	272
1630920526891307	273
1630920530579810	274
1630920532860967	275
1630920533212949	276
1630920533266869	277
1630920533959628	278
1630920533967285	279
1630920534564765	280
1630920534769783	281
1630920535291262	282
1630920535448858	283
1630920535681154	284
1630920535922475	285
1630920536597059	286
1630920536678420	287
1630920536976511	288
1630920537062164	289
1630920537366021	290
1630920538000689	291
1630920538788551	292
1630920538930194	293
1630920539795453	294
1630920540059430	295
1630920540062609	296
1630920541539893	297
1630920541667888	298
1630920542637336	299
1630920542916543	300
1630920543049318	301
1630920543588582	302
1630920544573265	303
1630920545653188	304
1630920546459428	305
1630920546805542	306
1630920547071395	307
1630920547661349	308
1630920547861457	309
1630920547867121	310
1630920548311851	311
1630920548427923	312
1630920550436434	313
1630920550957365	314
1630920552492579	315
1630920552635780	316
1630920552921804	317
1630920554172003	318
1630920554523341	319
1630920555250060	320
1630920555730625	321
1630920557008482	322
1630920557148646	323
1630920557533158	324
1630920557973113	325
1630920558047144	326
1630920558136893	327
1630920559164082	328
1630920559644158	329
1630920559868853	330
1630920559876622	331
1630920560219158	332
1630920561361684	333
1630920561978178	334
1630920563079193	335
1630920563118294	336
1630920563674934	337
1630920563854354	338
1630920564080364	339
1630920564441100	340
1630920564700765	341
1630920564752808	342
1630920565021632	343
1630920565523948	344
1630920566090077	345
1630920566913169	346
1630920566959478	347
1630920567206219	348
1630920567206417	349
1630920567314587	350
1630920569108739	351
1630920570231531	352
1630920570297870	353
1630920570766495	354
1630920570859847	355
1630920571485133	356
1630920571888821	357
1630920572124552	358
1630920572205056	359
1630920573437852	360
1630920573749009	361
1630920573821152	362
1630920575398138	363
1630920576184888	364
1630920579004374	365
1630920579336539	366
1630920579902052	367
1630920579906738	368
1630920580663602	369
1630920580803820	370
1630920580872930	371
1630920581411531	372
1630920581448865	373
1630920581766048	374
1630920581779189	375
1630920582369498	376
1630920582697156	377
1630920583373976	378
1630920583515348	379
1630920584342879	380
1630920584383688	381
1630920584690926	382
1630920585006672	383
1630920585472165	384
1630920585590464	385
1630920585997668	386
1630920586169213	387
1630920586357303	388
1630920586699553	389
1630920588242920	390
1630920590243407	391
1630920590664120	392
1630920590713558	393
1630920594002154	394
1630920598652623	395
1630920598878938	396
1630920599456602	397
1630920602755606	398
1630920606738922	399
1630920606905677	400
1630920608487517	401
1630920608652460	402
1630920609805167	403
1630920610878876	404
1630920611196517	405
1630920611710074	406
1630920612317807	407
1630920612427226	408
1630920612873298	409
1630920613318491	410
1630920614018790	411
1630920614185767	412
1630920614366852	413
1630920615313921	414
1630920616174105	415
1630920617806178	416
1630920618132963	417
1630920618361505	418
1630920619504064	419
