460990000000099     1630502330820153	1	0	0	0	0	0	0	0	0	0	
460990000000099     1630502330820398 0 1 0 0 0 0 0 0 0 0 
460990000000100     1630502330820406	1	0	0	0	0	0	0	0	0	0	
460990000000099     1630502330820555 0 0 1 0 0 0 0 0 0 0 
460990000000100     1630502330820670 0 1 0 0 0 0 0 0 0 0 
460990000000098     1630502330820717	1	0	0	0	0	0	0	0	0	0	
460990000000100     1630502330820821 0 0 1 0 0 0 0 0 0 0 
460990000000098     1630502330820988 0 1 0 0 0 0 0 0 0 0 
460990000000098     1630502330821163 0 0 1 0 0 0 0 0 0 0 
460990000000097     1630502330821232	1	0	0	0	0	0	0	0	0	0	
460990000000100     1630502330821215 0 0 0 1 0 0 0 0 0 0 
460990000000097     1630502330821371 0 1 0 0 0 0 0 0 0 0 
460990000000094     1630502330821791	1	0	0	0	0	0	0	0	0	0	
460990000000098     1630502330821812 0 0 0 1 0 0 0 0 0 0 
460990000000094     1630502330821984 0 1 0 0 0 0 0 0 0 0 
460990000000097     1630502330821604 0 0 1 0 0 0 0 0 0 0 
460990000000099     1630502330821627 0 0 0 1 0 0 0 0 0 0 
460990000000094     1630502330822250 0 0 1 0 0 0 0 0 0 0 
460990000000097     1630502330823761 0 0 0 1 0 0 0 0 0 0 
460990000000094     1630502330823843 0 0 0 1 0 0 0 0 0 0 
460990000000093     1630502330826025	1	0	0	0	0	0	0	0	0	0	
460990000000093     1630502330826134 0 1 0 0 0 0 0 0 0 0 
460990000000093     1630502330826240 0 0 1 0 0 0 0 0 0 0 
460990000000087     1630502330827310	1	0	0	0	0	0	0	0	0	0	
460990000000087     1630502330828062 0 1 0 0 0 0 0 0 0 0 
460990000000087     1630502330828175 0 0 1 0 0 0 0 0 0 0 
460990000000081     1630502330828361	1	0	0	0	0	0	0	0	0	0	
460990000000081     1630502330828466 0 1 0 0 0 0 0 0 0 0 
460990000000081     1630502330828609 0 0 1 0 0 0 0 0 0 0 
460990000000088     1630502330829346	1	0	0	0	0	0	0	0	0	0	
460990000000088     1630502330829619 0 1 0 0 0 0 0 0 0 0 
460990000000088     1630502330829835 0 0 1 0 0 0 0 0 0 0 
460990000000093     1630502330830231 0 0 0 1 0 0 0 0 0 0 
460990000000089     1630502330831711	1	0	0	0	0	0	0	0	0	0	
460990000000089     1630502330831802 0 1 0 0 0 0 0 0 0 0 
460990000000083     1630502330831666	1	0	0	0	0	0	0	0	0	0	
460990000000032     1630502330831272	1	0	0	0	0	0	0	0	0	0	
460990000000083     1630502330831885 0 1 0 0 0 0 0 0 0 0 
460990000000035     1630502330831647	1	0	0	0	0	0	0	0	0	0	
460990000000032     1630502330832045 0 1 0 0 0 0 0 0 0 0 
460990000000089     1630502330832469 0 0 1 0 0 0 0 0 0 0 
460990000000083     1630502330832763 0 0 1 0 0 0 0 0 0 0 
460990000000082     1630502330834437	1	0	0	0	0	0	0	0	0	0	
460990000000027     1630502330835090	1	0	0	0	0	0	0	0	0	0	
460990000000004     1630502330835736	1	0	0	0	0	0	0	0	0	0	
460990000000004     1630502330835852 0 1 0 0 0 0 0 0 0 0 
460990000000086     1630502330834365	1	0	0	0	0	0	0	0	0	0	
460990000000004     1630502330835951 0 0 1 0 0 0 0 0 0 0 
460990000000086     1630502330836023 0 1 0 0 0 0 0 0 0 0 
460990000000027     1630502330836481 0 1 0 0 0 0 0 0 0 0 
460990000000035     1630502330834756 0 1 0 0 0 0 0 0 0 0 
460990000000036     1630502330836389	1	0	0	0	0	0	0	0	0	0	
460990000000080     1630502330836316	1	0	0	0	0	0	0	0	0	0	
460990000000025     1630502330836520	1	0	0	0	0	0	0	0	0	0	
460990000000025     1630502330839846 0 1 0 0 0 0 0 0 0 0 
460990000000017     1630502330836406	1	0	0	0	0	0	0	0	0	0	
460990000000086     1630502330836149 0 0 1 0 0 0 0 0 0 0 
460990000000032     1630502330836807 0 0 1 0 0 0 0 0 0 0 
460990000000017     1630502330845377 0 1 0 0 0 0 0 0 0 0 
460990000000084     1630502330837056	1	0	0	0	0	0	0	0	0	0	
460990000000081     1630502330845869 0 0 0 1 0 0 0 0 0 0 
460990000000083     1630502330846090 0 0 0 1 0 0 0 0 0 0 
460990000000087     1630502330846093 0 0 0 1 0 0 0 0 0 0 
460990000000017     1630502330845452 0 0 1 0 0 0 0 0 0 0 
460990000000036     1630502330846365 0 1 0 0 0 0 0 0 0 0 
460990000000084     1630502330846405 0 1 0 0 0 0 0 0 0 0 
460990000000084     1630502330846530 0 0 1 0 0 0 0 0 0 0 
460990000000006     1630502330846658	1	0	0	0	0	0	0	0	0	0	
460990000000088     1630502330846708 0 0 0 1 0 0 0 0 0 0 
460990000000027     1630502330839718 0 0 1 0 0 0 0 0 0 0 
460990000000036     1630502330846843 0 0 1 0 0 0 0 0 0 0 
460990000000005     1630502330846850	1	0	0	0	0	0	0	0	0	0	
460990000000035     1630502330845066 0 0 1 0 0 0 0 0 0 0 
460990000000007     1630502330847131	1	0	0	0	0	0	0	0	0	0	
460990000000092     1630502330847201	1	0	0	0	0	0	0	0	0	0	
460990000000025     1630502330839934 0 0 1 0 0 0 0 0 0 0 
460990000000007     1630502330847623 0 1 0 0 0 0 0 0 0 0 
460990000000006     1630502330847808 0 1 0 0 0 0 0 0 0 0 
460990000000019     1630502330847835	1	0	0	0	0	0	0	0	0	0	
460990000000005     1630502330847934 0 1 0 0 0 0 0 0 0 0 
460990000000005     1630502330848040 0 0 1 0 0 0 0 0 0 0 
460990000000006     1630502330848070 0 0 1 0 0 0 0 0 0 0 
460990000000034     1630502330848194	1	0	0	0	0	0	0	0	0	0	
460990000000034     1630502330848397 0 1 0 0 0 0 0 0 0 0 
460990000000079     1630502330848388	1	0	0	0	0	0	0	0	0	0	
460990000000007     1630502330848420 0 0 1 0 0 0 0 0 0 0 
460990000000034     1630502330848511 0 0 1 0 0 0 0 0 0 0 
460990000000082     1630502330845117 0 1 0 0 0 0 0 0 0 0 
460990000000082     1630502330848792 0 0 1 0 0 0 0 0 0 0 
460990000000019     1630502330849410 0 1 0 0 0 0 0 0 0 0 
460990000000004     1630502330849501 0 0 0 1 0 0 0 0 0 0 
460990000000046     1630502330849399	1	0	0	0	0	0	0	0	0	0	
460990000000019     1630502330849702 0 0 1 0 0 0 0 0 0 0 
460990000000080     1630502330849920 0 1 0 0 0 0 0 0 0 0 
460990000000033     1630502330848693	1	0	0	0	0	0	0	0	0	0	
460990000000046     1630502330850064 0 1 0 0 0 0 0 0 0 0 
460990000000033     1630502330850177 0 1 0 0 0 0 0 0 0 0 
460990000000002     1630502330850201	1	0	0	0	0	0	0	0	0	0	
460990000000002     1630502330850300 0 1 0 0 0 0 0 0 0 0 
460990000000033     1630502330850332 0 0 1 0 0 0 0 0 0 0 
460990000000002     1630502330850425 0 0 1 0 0 0 0 0 0 0 
460990000000029     1630502330850475	1	0	0	0	0	0	0	0	0	0	
460990000000029     1630502330850644 0 1 0 0 0 0 0 0 0 0 
460990000000030     1630502330850750	1	0	0	0	0	0	0	0	0	0	
460990000000046     1630502330851037 0 0 1 0 0 0 0 0 0 0 
460990000000029     1630502330851142 0 0 1 0 0 0 0 0 0 0 
460990000000030     1630502330851386 0 1 0 0 0 0 0 0 0 0 
460990000000001     1630502330851742	1	0	0	0	0	0	0	0	0	0	
460990000000001     1630502330851833 0 1 0 0 0 0 0 0 0 0 
460990000000026     1630502330851893	1	0	0	0	0	0	0	0	0	0	
460990000000026     1630502330852036 0 1 0 0 0 0 0 0 0 0 
460990000000001     1630502330852051 0 0 1 0 0 0 0 0 0 0 
460990000000026     1630502330852129 0 0 1 0 0 0 0 0 0 0 
460990000000030     1630502330851954 0 0 1 0 0 0 0 0 0 0 
460990000000057     1630502330853153	1	0	0	0	0	0	0	0	0	0	
460990000000057     1630502330853385 0 1 0 0 0 0 0 0 0 0 
460990000000057     1630502330853459 0 0 1 0 0 0 0 0 0 0 
460990000000080     1630502330853909 0 0 1 0 0 0 0 0 0 0 
460990000000014     1630502330854200	1	0	0	0	0	0	0	0	0	0	
460990000000014     1630502330854873 0 1 0 0 0 0 0 0 0 0 
460990000000014     1630502330855071 0 0 1 0 0 0 0 0 0 0 
460990000000017     1630502330855198 0 0 0 1 0 0 0 0 0 0 
460990000000032     1630502330855342 0 0 0 1 0 0 0 0 0 0 
460990000000086     1630502330855669 0 0 0 1 0 0 0 0 0 0 
460990000000090     1630502330855754	1	0	0	0	0	0	0	0	0	0	
460990000000079     1630502330856574 0 1 0 0 0 0 0 0 0 0 
460990000000079     1630502330856837 0 0 1 0 0 0 0 0 0 0 
460990000000092     1630502330857049 0 1 0 0 0 0 0 0 0 0 
460990000000001     1630502330857260 0 0 0 1 0 0 0 0 0 0 
460990000000033     1630502330857271 0 0 0 1 0 0 0 0 0 0 
460990000000002     1630502330857424 0 0 0 1 0 0 0 0 0 0 
460990000000092     1630502330857442 0 0 1 0 0 0 0 0 0 0 
460990000000010     1630502330858016	1	0	0	0	0	0	0	0	0	0	
460990000000030     1630502330859858 0 0 0 1 0 0 0 0 0 0 
460990000000082     1630502330861504 0 0 0 1 0 0 0 0 0 0 
460990000000066     1630502330861874	1	0	0	0	0	0	0	0	0	0	
460990000000007     1630502330862253 0 0 0 1 0 0 0 0 0 0 
460990000000014     1630502330862399 0 0 0 1 0 0 0 0 0 0 
460990000000080     1630502330863056 0 0 0 1 0 0 0 0 0 0 
460990000000057     1630502330862649 0 0 0 1 0 0 0 0 0 0 
460990000000089     1630502330863360 0 0 0 1 0 0 0 0 0 0 
460990000000044     1630502330863327	1	0	0	0	0	0	0	0	0	0	
460990000000010     1630502330863469 0 1 0 0 0 0 0 0 0 0 
460990000000034     1630502330877445 0 0 0 1 0 0 0 0 0 0 
460990000000036     1630502330877550 0 0 0 1 0 0 0 0 0 0 
460990000000027     1630502330877530 0 0 0 1 0 0 0 0 0 0 
460990000000066     1630502330877588 0 1 0 0 0 0 0 0 0 0 
460990000000026     1630502330877253 0 0 0 1 0 0 0 0 0 0 
460990000000035     1630502330877494 0 0 0 1 0 0 0 0 0 0 
460990000000019     1630502330879332 0 0 0 1 0 0 0 0 0 0 
460990000000092     1630502330879357 0 0 0 1 0 0 0 0 0 0 
460990000000006     1630502330879433 0 0 0 1 0 0 0 0 0 0 
460990000000084     1630502330877460 0 0 0 1 0 0 0 0 0 0 
460990000000029     1630502330880994 0 0 0 1 0 0 0 0 0 0 
460990000000025     1630502330879313 0 0 0 1 0 0 0 0 0 0 
460990000000011     1630502330881480	1	0	0	0	0	0	0	0	0	0	
460990000000090     1630502330879497 0 1 0 0 0 0 0 0 0 0 
460990000000040     1630502330881288	1	0	0	0	0	0	0	0	0	0	
460990000000046     1630502330879552 0 0 0 1 0 0 0 0 0 0 
460990000000011     1630502330882347 0 1 0 0 0 0 0 0 0 0 
460990000000066     1630502330883032 0 0 1 0 0 0 0 0 0 0 
460990000000005     1630502330880292 0 0 0 1 0 0 0 0 0 0 
460990000000044     1630502330880799 0 1 0 0 0 0 0 0 0 0 
460990000000079     1630502330882550 0 0 0 1 0 0 0 0 0 0 
460990000000059     1630502330882460	1	0	0	0	0	0	0	0	0	0	
460990000000090     1630502330882224 0 0 1 0 0 0 0 0 0 0 
460990000000022     1630502330885824	1	0	0	0	0	0	0	0	0	0	
460990000000050     1630502330882287	1	0	0	0	0	0	0	0	0	0	
460990000000040     1630502330887099 0 1 0 0 0 0 0 0 0 0 
460990000000011     1630502330882432 0 0 1 0 0 0 0 0 0 0 
460990000000024     1630502330887337	1	0	0	0	0	0	0	0	0	0	
460990000000024     1630502330887483 0 1 0 0 0 0 0 0 0 0 
460990000000013     1630502330885274	1	0	0	0	0	0	0	0	0	0	
460990000000050     1630502330888009 0 1 0 0 0 0 0 0 0 0 
460990000000044     1630502330885621 0 0 1 0 0 0 0 0 0 0 
460990000000096     1630502330882847	1	0	0	0	0	0	0	0	0	0	
460990000000013     1630502330889866 0 1 0 0 0 0 0 0 0 0 
460990000000008     1630502330884976	1	0	0	0	0	0	0	0	0	0	
460990000000008     1630502330892809 0 1 0 0 0 0 0 0 0 0 
460990000000024     1630502330887789 0 0 1 0 0 0 0 0 0 0 
460990000000076     1630502330888715	1	0	0	0	0	0	0	0	0	0	
460990000000031     1630502330889391	1	0	0	0	0	0	0	0	0	0	
460990000000067     1630502330892891	1	0	0	0	0	0	0	0	0	0	
460990000000022     1630502330897595 0 1 0 0 0 0 0 0 0 0 
460990000000076     1630502330897832 0 1 0 0 0 0 0 0 0 0 
460990000000040     1630502330887494 0 0 1 0 0 0 0 0 0 0 
460990000000013     1630502330890343 0 0 1 0 0 0 0 0 0 0 
460990000000067     1630502330901141 0 1 0 0 0 0 0 0 0 0 
460990000000067     1630502330901663 0 0 1 0 0 0 0 0 0 0 
460990000000090     1630502330901757 0 0 0 1 0 0 0 0 0 0 
460990000000067     1630502330902340 0 0 0 1 0 0 0 0 0 0 
460990000000050     1630502330897707 0 0 1 0 0 0 0 0 0 0 
460990000000022     1630502330898003 0 0 1 0 0 0 0 0 0 0 
460990000000076     1630502330898107 0 0 1 0 0 0 0 0 0 0 
460990000000010     1630502330897607 0 0 1 0 0 0 0 0 0 0 
460990000000031     1630502330904978 0 1 0 0 0 0 0 0 0 0 
460990000000076     1630502330906552 0 0 0 1 0 0 0 0 0 0 
460990000000040     1630502330907299 0 0 0 1 0 0 0 0 0 0 
460990000000066     1630502330901770 0 0 0 1 0 0 0 0 0 0 
460990000000011     1630502330902157 0 0 0 1 0 0 0 0 0 0 
460990000000050     1630502330908118 0 0 0 1 0 0 0 0 0 0 
460990000000024     1630502330905767 0 0 0 1 0 0 0 0 0 0 
460990000000091     1630502330906369	1	0	0	0	0	0	0	0	0	0	
460990000000044     1630502330907611 0 0 0 1 0 0 0 0 0 0 
460990000000013     1630502330908496 0 0 0 1 0 0 0 0 0 0 
460990000000091     1630502330909651 0 1 0 0 0 0 0 0 0 0 
460990000000023     1630502330908737	1	0	0	0	0	0	0	0	0	0	
460990000000022     1630502330910045 0 0 0 1 0 0 0 0 0 0 
460990000000023     1630502330909992 0 1 0 0 0 0 0 0 0 0 
460990000000031     1630502330906235 0 0 1 0 0 0 0 0 0 0 
460990000000059     1630502330909277 0 1 0 0 0 0 0 0 0 0 
460990000000012     1630502330909740	1	0	0	0	0	0	0	0	0	0	
460990000000072     1630502330909879	1	0	0	0	0	0	0	0	0	0	
460990000000012     1630502330910485 0 1 0 0 0 0 0 0 0 0 
460990000000023     1630502330910246 0 0 1 0 0 0 0 0 0 0 
460990000000009     1630502330910134	1	0	0	0	0	0	0	0	0	0	
460990000000009     1630502330910671 0 1 0 0 0 0 0 0 0 0 
460990000000012     1630502330910568 0 0 1 0 0 0 0 0 0 0 
460990000000008     1630502330910766 0 0 1 0 0 0 0 0 0 0 
460990000000009     1630502330911102 0 0 1 0 0 0 0 0 0 0 
460990000000059     1630502330911814 0 0 1 0 0 0 0 0 0 0 
460990000000072     1630502330911836 0 1 0 0 0 0 0 0 0 0 
460990000000072     1630502330911980 0 0 1 0 0 0 0 0 0 0 
460990000000061     1630502330912110	1	0	0	0	0	0	0	0	0	0	
460990000000021     1630502330912228	1	0	0	0	0	0	0	0	0	0	
460990000000091     1630502330912583 0 0 1 0 0 0 0 0 0 0 
460990000000016     1630502330912863	1	0	0	0	0	0	0	0	0	0	
460990000000016     1630502330912981 0 1 0 0 0 0 0 0 0 0 
460990000000016     1630502330913085 0 0 1 0 0 0 0 0 0 0 
460990000000073     1630502330913401	1	0	0	0	0	0	0	0	0	0	
460990000000021     1630502330913533 0 1 0 0 0 0 0 0 0 0 
460990000000028     1630502330913631	1	0	0	0	0	0	0	0	0	0	
460990000000021     1630502330913618 0 0 1 0 0 0 0 0 0 0 
460990000000028     1630502330913808 0 1 0 0 0 0 0 0 0 0 
460990000000096     1630502330913606 0 1 0 0 0 0 0 0 0 0 
460990000000073     1630502330913930 0 1 0 0 0 0 0 0 0 0 
460990000000031     1630502330914150 0 0 0 1 0 0 0 0 0 0 
460990000000010     1630502330914408 0 0 0 1 0 0 0 0 0 0 
460990000000073     1630502330917407 0 0 1 0 0 0 0 0 0 0 
460990000000023     1630502330917730 0 0 0 1 0 0 0 0 0 0 
460990000000059     1630502330917877 0 0 0 1 0 0 0 0 0 0 
460990000000028     1630502330917995 0 0 1 0 0 0 0 0 0 0 
460990000000061     1630502330918370 0 1 0 0 0 0 0 0 0 0 
460990000000061     1630502330918557 0 0 1 0 0 0 0 0 0 0 
460990000000063     1630502330918653	1	0	0	0	0	0	0	0	0	0	
460990000000003     1630502330919987	1	0	0	0	0	0	0	0	0	0	
460990000000003     1630502330920110 0 1 0 0 0 0 0 0 0 0 
460990000000012     1630502330920121 0 0 0 1 0 0 0 0 0 0 
460990000000003     1630502330920224 0 0 1 0 0 0 0 0 0 0 
460990000000096     1630502330920235 0 0 1 0 0 0 0 0 0 0 
460990000000008     1630502330921245 0 0 0 1 0 0 0 0 0 0 
460990000000058     1630502330921348	1	0	0	0	0	0	0	0	0	0	
460990000000058     1630502330922142 0 1 0 0 0 0 0 0 0 0 
460990000000055     1630502330922550	1	0	0	0	0	0	0	0	0	0	
460990000000037     1630502330922904	1	0	0	0	0	0	0	0	0	0	
460990000000037     1630502330923330 0 1 0 0 0 0 0 0 0 0 
460990000000058     1630502330923978 0 0 1 0 0 0 0 0 0 0 
460990000000055     1630502330926078 0 1 0 0 0 0 0 0 0 0 
460990000000038     1630502330926228	1	0	0	0	0	0	0	0	0	0	
460990000000038     1630502330927423 0 1 0 0 0 0 0 0 0 0 
460990000000055     1630502330926787 0 0 1 0 0 0 0 0 0 0 
460990000000038     1630502330927848 0 0 1 0 0 0 0 0 0 0 
460990000000037     1630502330928380 0 0 1 0 0 0 0 0 0 0 
460990000000043     1630502330928962	1	0	0	0	0	0	0	0	0	0	
460990000000016     1630502330929167 0 0 0 1 0 0 0 0 0 0 
460990000000091     1630502330929502 0 0 0 1 0 0 0 0 0 0 
460990000000009     1630502330929544 0 0 0 1 0 0 0 0 0 0 
460990000000021     1630502330929768 0 0 0 1 0 0 0 0 0 0 
460990000000063     1630502330930681 0 1 0 0 0 0 0 0 0 0 
460990000000063     1630502330933083 0 0 1 0 0 0 0 0 0 0 
460990000000065     1630502330934664	1	0	0	0	0	0	0	0	0	0	
460990000000072     1630502330937281 0 0 0 1 0 0 0 0 0 0 
460990000000077     1630502330938099	1	0	0	0	0	0	0	0	0	0	
460990000000061     1630502330942346 0 0 0 1 0 0 0 0 0 0 
460990000000070     1630502330942598	1	0	0	0	0	0	0	0	0	0	
460990000000078     1630502330943797	1	0	0	0	0	0	0	0	0	0	
460990000000078     1630502330945521 0 1 0 0 0 0 0 0 0 0 
460990000000049     1630502330946420	1	0	0	0	0	0	0	0	0	0	
460990000000056     1630502330945757	1	0	0	0	0	0	0	0	0	0	
460990000000039     1630502330946658	1	0	0	0	0	0	0	0	0	0	
460990000000039     1630502330946775 0 1 0 0 0 0 0 0 0 0 
460990000000039     1630502330946854 0 0 1 0 0 0 0 0 0 0 
460990000000043     1630502330947396 0 1 0 0 0 0 0 0 0 0 
460990000000043     1630502330947542 0 0 1 0 0 0 0 0 0 0 
460990000000065     1630502330947633 0 1 0 0 0 0 0 0 0 0 
460990000000049     1630502330948048 0 1 0 0 0 0 0 0 0 0 
460990000000062     1630502330948704	1	0	0	0	0	0	0	0	0	0	
460990000000049     1630502330948840 0 0 1 0 0 0 0 0 0 0 
460990000000048     1630502330949045	1	0	0	0	0	0	0	0	0	0	
460990000000051     1630502330949184	1	0	0	0	0	0	0	0	0	0	
460990000000065     1630502330950464 0 0 1 0 0 0 0 0 0 0 
460990000000028     1630502330950610 0 0 0 1 0 0 0 0 0 0 
460990000000095     1630502330952972	1	0	0	0	0	0	0	0	0	0	
460990000000095     1630502330953172 0 1 0 0 0 0 0 0 0 0 
460990000000075     1630502330953313	1	0	0	0	0	0	0	0	0	0	
460990000000095     1630502330953284 0 0 1 0 0 0 0 0 0 0 
460990000000075     1630502330954087 0 1 0 0 0 0 0 0 0 0 
460990000000041     1630502330954050	1	0	0	0	0	0	0	0	0	0	
460990000000075     1630502330954199 0 0 1 0 0 0 0 0 0 0 
460990000000041     1630502330954281 0 1 0 0 0 0 0 0 0 0 
460990000000047     1630502330954373	1	0	0	0	0	0	0	0	0	0	
460990000000018     1630502330954419	1	0	0	0	0	0	0	0	0	0	
460990000000018     1630502330954974 0 1 0 0 0 0 0 0 0 0 
460990000000018     1630502330955142 0 0 1 0 0 0 0 0 0 0 
460990000000060     1630502330956082	1	0	0	0	0	0	0	0	0	0	
460990000000041     1630502330956469 0 0 1 0 0 0 0 0 0 0 
460990000000020     1630502330956692	1	0	0	0	0	0	0	0	0	0	
460990000000020     1630502330956803 0 1 0 0 0 0 0 0 0 0 
460990000000096     1630502330956803 0 0 0 1 0 0 0 0 0 0 
460990000000073     1630502330956857 0 0 0 1 0 0 0 0 0 0 
460990000000020     1630502330956992 0 0 1 0 0 0 0 0 0 0 
460990000000042     1630502330957263	1	0	0	0	0	0	0	0	0	0	
460990000000045     1630502330957649	1	0	0	0	0	0	0	0	0	0	
460990000000045     1630502330958082 0 1 0 0 0 0 0 0 0 0 
460990000000056     1630502330958091 0 1 0 0 0 0 0 0 0 0 
460990000000074     1630502330958376	1	0	0	0	0	0	0	0	0	0	
460990000000045     1630502330958391 0 0 1 0 0 0 0 0 0 0 
460990000000074     1630502330958467 0 1 0 0 0 0 0 0 0 0 
460990000000047     1630502330958527 0 1 0 0 0 0 0 0 0 0 
460990000000047     1630502330958595 0 0 1 0 0 0 0 0 0 0 
460990000000074     1630502330958584 0 0 1 0 0 0 0 0 0 0 
460990000000077     1630502330960340 0 1 0 0 0 0 0 0 0 0 
460990000000078     1630502330960231 0 0 1 0 0 0 0 0 0 0 
460990000000060     1630502330960057 0 1 0 0 0 0 0 0 0 0 
460990000000053     1630502330961007	1	0	0	0	0	0	0	0	0	0	
460990000000056     1630502330961482 0 0 1 0 0 0 0 0 0 0 
460990000000060     1630502330961888 0 0 1 0 0 0 0 0 0 0 
460990000000064     1630502330962321	1	0	0	0	0	0	0	0	0	0	
460990000000053     1630502330963420 0 1 0 0 0 0 0 0 0 0 
460990000000042     1630502330964487 0 1 0 0 0 0 0 0 0 0 
460990000000042     1630502330964599 0 0 1 0 0 0 0 0 0 0 
460990000000015     1630502330965552	1	0	0	0	0	0	0	0	0	0	
460990000000015     1630502330966019 0 1 0 0 0 0 0 0 0 0 
460990000000048     1630502330966048 0 1 0 0 0 0 0 0 0 0 
460990000000048     1630502330966234 0 0 1 0 0 0 0 0 0 0 
460990000000069     1630502330966487	1	0	0	0	0	0	0	0	0	0	
460990000000003     1630502330966711 0 0 0 1 0 0 0 0 0 0 
460990000000068     1630502330966632	1	0	0	0	0	0	0	0	0	0	
460990000000038     1630502330967251 0 0 0 1 0 0 0 0 0 0 
460990000000058     1630502330967510 0 0 0 1 0 0 0 0 0 0 
460990000000015     1630502330967708 0 0 1 0 0 0 0 0 0 0 
460990000000077     1630502330967938 0 0 1 0 0 0 0 0 0 0 
460990000000070     1630502330968722 0 1 0 0 0 0 0 0 0 0 
460990000000070     1630502330968899 0 0 1 0 0 0 0 0 0 0 
460990000000053     1630502330969045 0 0 1 0 0 0 0 0 0 0 
460990000000051     1630502330969343 0 1 0 0 0 0 0 0 0 0 
460990000000051     1630502330969559 0 0 1 0 0 0 0 0 0 0 
460990000000064     1630502330969651 0 1 0 0 0 0 0 0 0 0 
460990000000062     1630502330970029 0 1 0 0 0 0 0 0 0 0 
460990000000064     1630502330970144 0 0 1 0 0 0 0 0 0 0 
460990000000062     1630502330970195 0 0 1 0 0 0 0 0 0 0 
460990000000052     1630502330971918	1	0	0	0	0	0	0	0	0	0	
460990000000052     1630502330972027 0 1 0 0 0 0 0 0 0 0 
460990000000052     1630502330972127 0 0 1 0 0 0 0 0 0 0 
460990000000071     1630502330972275	1	0	0	0	0	0	0	0	0	0	
460990000000071     1630502330972454 0 1 0 0 0 0 0 0 0 0 
460990000000055     1630502330973044 0 0 0 1 0 0 0 0 0 0 
460990000000071     1630502330973250 0 0 1 0 0 0 0 0 0 0 
460990000000068     1630502330973686 0 1 0 0 0 0 0 0 0 0 
460990000000068     1630502330973982 0 0 1 0 0 0 0 0 0 0 
460990000000069     1630502330977646 0 1 0 0 0 0 0 0 0 0 
460990000000037     1630502330977841 0 0 0 1 0 0 0 0 0 0 
460990000000069     1630502330978051 0 0 1 0 0 0 0 0 0 0 
460990000000063     1630502331001601 0 0 0 1 0 0 0 0 0 0 
460990000000047     1630502331014208 0 0 0 1 0 0 0 0 0 0 
460990000000041     1630502331014271 0 0 0 1 0 0 0 0 0 0 
460990000000043     1630502331014333 0 0 0 1 0 0 0 0 0 0 
460990000000039     1630502331014529 0 0 0 1 0 0 0 0 0 0 
460990000000056     1630502331014767 0 0 0 1 0 0 0 0 0 0 
460990000000020     1630502331015118 0 0 0 1 0 0 0 0 0 0 
460990000000051     1630502331015218 0 0 0 1 0 0 0 0 0 0 
460990000000070     1630502331015268 0 0 0 1 0 0 0 0 0 0 
460990000000045     1630502331015428 0 0 0 1 0 0 0 0 0 0 
460990000000078     1630502331015446 0 0 0 1 0 0 0 0 0 0 
460990000000048     1630502331015587 0 0 0 1 0 0 0 0 0 0 
460990000000075     1630502331015660 0 0 0 1 0 0 0 0 0 0 
460990000000053     1630502331015805 0 0 0 1 0 0 0 0 0 0 
460990000000065     1630502331015855 0 0 0 1 0 0 0 0 0 0 
460990000000062     1630502331015927 0 0 0 1 0 0 0 0 0 0 
460990000000015     1630502331016055 0 0 0 1 0 0 0 0 0 0 
460990000000042     1630502331016206 0 0 0 1 0 0 0 0 0 0 
460990000000069     1630502331016278 0 0 0 1 0 0 0 0 0 0 
460990000000018     1630502331016322 0 0 0 1 0 0 0 0 0 0 
460990000000071     1630502331016742 0 0 0 1 0 0 0 0 0 0 
460990000000068     1630502331016772 0 0 0 1 0 0 0 0 0 0 
460990000000060     1630502331016757 0 0 0 1 0 0 0 0 0 0 
460990000000077     1630502331017356 0 0 0 1 0 0 0 0 0 0 
460990000000074     1630502331017452 0 0 0 1 0 0 0 0 0 0 
460990000000095     1630502331017473 0 0 0 1 0 0 0 0 0 0 
460990000000049     1630502331017517 0 0 0 1 0 0 0 0 0 0 
460990000000064     1630502331017803 0 0 0 1 0 0 0 0 0 0 
460990000000052     1630502331018309 0 0 0 1 0 0 0 0 0 0 
460990000000100     1630502332977463 0 0 0 0 1 0 0 0 0 0 
460990000000099     1630502333037860 0 0 0 0 1 0 0 0 0 0 
460990000000085     1630502333324158	1	0	0	0	0	0	0	0	0	0	
460990000000085     1630502333324308 0 1 0 0 0 0 0 0 0 0 
460990000000085     1630502333324453 0 0 1 0 0 0 0 0 0 0 
460990000000085     1630502333324985 0 0 0 1 0 0 0 0 0 0 
460990000000054     1630502333415156	1	0	0	0	0	0	0	0	0	0	
460990000000054     1630502333415371 0 1 0 0 0 0 0 0 0 0 
460990000000054     1630502333415520 0 0 1 0 0 0 0 0 0 0 
460990000000054     1630502333416137 0 0 0 1 0 0 0 0 0 0 
460990000000098     1630502333993631 0 0 0 0 1 0 0 0 0 0 
460990000000097     1630502334993553 0 0 0 0 1 0 0 0 0 0 
460990000000094     1630502335055165 0 0 0 0 1 0 0 0 0 0 
460990000000093     1630502336002786 0 0 0 0 1 0 0 0 0 0 
460990000000083     1630502336059032 0 0 0 0 1 0 0 0 0 0 
460990000000081     1630502337039905 0 0 0 0 1 0 0 0 0 0 
460990000000087     1630502338108489 0 0 0 0 1 0 0 0 0 0 
460990000000088     1630502338142324 0 0 0 0 1 0 0 0 0 0 
460990000000004     1630502339122227 0 0 0 0 1 0 0 0 0 0 
460990000000032     1630502340230187 0 0 0 0 1 0 0 0 0 0 
460990000000017     1630502341200065 0 0 0 0 1 0 0 0 0 0 
460990000000001     1630502341268207 0 0 0 0 1 0 0 0 0 0 
460990000000033     1630502342237995 0 0 0 0 1 0 0 0 0 0 
460990000000030     1630502343256109 0 0 0 0 1 0 0 0 0 0 
460990000000086     1630502344237035 0 0 0 0 1 0 0 0 0 0 
460990000000082     1630502345194756 0 0 0 0 1 0 0 0 0 0 
460990000000014     1630502345265012 0 0 0 0 1 0 0 0 0 0 
460990000000080     1630502346242056 0 0 0 0 1 0 0 0 0 0 
460990000000057     1630502347238881 0 0 0 0 1 0 0 0 0 0 
460990000000089     1630502348263003 0 0 0 0 1 0 0 0 0 0 
460990000000002     1630502349231036 0 0 0 0 1 0 0 0 0 0 
460990000000084     1630502349287082 0 0 0 0 1 0 0 0 0 0 
460990000000035     1630502350243694 0 0 0 0 1 0 0 0 0 0 
460990000000026     1630502351332871 0 0 0 0 1 0 0 0 0 0 
460990000000027     1630502351396779 0 0 0 0 1 0 0 0 0 0 
460990000000036     1630502352483489 0 0 0 0 1 0 0 0 0 0 
460990000000007     1630502354412169 0 0 0 0 1 0 0 0 0 0 
460990000000025     1630502355418112 0 0 0 0 1 0 0 0 0 0 
460990000000092     1630502355482542 0 0 0 0 1 0 0 0 0 0 
460990000000019     1630502356461380 0 0 0 0 1 0 0 0 0 0 
460990000000006     1630502357442960 0 0 0 0 1 0 0 0 0 0 
460990000000046     1630502358470406 0 0 0 0 1 0 0 0 0 0 
460990000000029     1630502359523328 0 0 0 0 1 0 0 0 0 0 
460990000000005     1630502360567352 0 0 0 0 1 0 0 0 0 0 
460990000000079     1630502361547999 0 0 0 0 1 0 0 0 0 0 
460990000000034     1630502361607864 0 0 0 0 1 0 0 0 0 0 
460990000000066     1630502362591698 0 0 0 0 1 0 0 0 0 0 
460990000000090     1630502363574982 0 0 0 0 1 0 0 0 0 0 
460990000000011     1630502364692035 0 0 0 0 1 0 0 0 0 0 
460990000000067     1630502365802225 0 0 0 0 1 0 0 0 0 0 
460990000000024     1630502366780903 0 0 0 0 1 0 0 0 0 0 
460990000000076     1630502367795618 0 0 0 0 1 0 0 0 0 0 
460990000000040     1630502368777460 0 0 0 0 1 0 0 0 0 0 
460990000000044     1630502369780122 0 0 0 0 1 0 0 0 0 0 
460990000000050     1630502370779252 0 0 0 0 1 0 0 0 0 0 
460990000000013     1630502371774081 0 0 0 0 1 0 0 0 0 0 
460990000000022     1630502372775724 0 0 0 0 1 0 0 0 0 0 
460990000000023     1630502373776709 0 0 0 0 1 0 0 0 0 0 
460990000000010     1630502374870834 0 0 0 0 1 0 0 0 0 0 
460990000000059     1630502374936022 0 0 0 0 1 0 0 0 0 0 
460990000000031     1630502375941729 0 0 0 0 1 0 0 0 0 0 
460990000000012     1630502376917166 0 0 0 0 1 0 0 0 0 0 
460990000000008     1630502377865010 0 0 0 0 1 0 0 0 0 0 
460990000000016     1630502378907656 0 0 0 0 1 0 0 0 0 0 
460990000000091     1630502379982804 0 0 0 0 1 0 0 0 0 0 
460990000000009     1630502380060781 0 0 0 0 1 0 0 0 0 0 
460990000000021     1630502381024264 0 0 0 0 1 0 0 0 0 0 
460990000000073     1630502382011563 0 0 0 0 1 0 0 0 0 0 
460990000000072     1630502383004245 0 0 0 0 1 0 0 0 0 0 
460990000000061     1630502384107376 0 0 0 0 1 0 0 0 0 0 
460990000000096     1630502385094402 0 0 0 0 1 0 0 0 0 0 
460990000000028     1630502386084779 0 0 0 0 1 0 0 0 0 0 
460990000000038     1630502387100350 0 0 0 0 1 0 0 0 0 0 
460990000000058     1630502387169540 0 0 0 0 1 0 0 0 0 0 
460990000000003     1630502389190831 0 0 0 0 1 0 0 0 0 0 
460990000000055     1630502389271085 0 0 0 0 1 0 0 0 0 0 
460990000000037     1630502391196052 0 0 0 0 1 0 0 0 0 0 
460990000000063     1630502391281806 0 0 0 0 1 0 0 0 0 0 
460990000000041     1630502393198821 0 0 0 0 1 0 0 0 0 0 
460990000000047     1630502394203230 0 0 0 0 1 0 0 0 0 0 
460990000000039     1630502395323158 0 0 0 0 1 0 0 0 0 0 
460990000000043     1630502396306614 0 0 0 0 1 0 0 0 0 0 
460990000000048     1630502396400721 0 0 0 0 1 0 0 0 0 0 
460990000000056     1630502397390564 0 0 0 0 1 0 0 0 0 0 
460990000000045     1630502398358428 0 0 0 0 1 0 0 0 0 0 
460990000000020     1630502399341441 0 0 0 0 1 0 0 0 0 0 
460990000000078     1630502400365816 0 0 0 0 1 0 0 0 0 0 
460990000000051     1630502401372117 0 0 0 0 1 0 0 0 0 0 
460990000000070     1630502402367623 0 0 0 0 1 0 0 0 0 0 
460990000000075     1630502403331658 0 0 0 0 1 0 0 0 0 0 
460990000000053     1630502403420326 0 0 0 0 1 0 0 0 0 0 
460990000000062     1630502404390786 0 0 0 0 1 0 0 0 0 0 
460990000000015     1630502405425156 0 0 0 0 1 0 0 0 0 0 
460990000000069     1630502406400684 0 0 0 0 1 0 0 0 0 0 
460990000000042     1630502407398938 0 0 0 0 1 0 0 0 0 0 
460990000000065     1630502408350285 0 0 0 0 1 0 0 0 0 0 
460990000000018     1630502409382866 0 0 0 0 1 0 0 0 0 0 
460990000000071     1630502410384940 0 0 0 0 1 0 0 0 0 0 
460990000000060     1630502411358710 0 0 0 0 1 0 0 0 0 0 
460990000000068     1630502411440095 0 0 0 0 1 0 0 0 0 0 
460990000000074     1630502412495345 0 0 0 0 1 0 0 0 0 0 
460990000000077     1630502413473360 0 0 0 0 1 0 0 0 0 0 
460990000000095     1630502414548141 0 0 0 0 1 0 0 0 0 0 
460990000000049     1630502414598254 0 0 0 0 1 0 0 0 0 0 
460990000000064     1630502415579945 0 0 0 0 1 0 0 0 0 0 
460990000000052     1630502415620291 0 0 0 0 1 0 0 0 0 0 
460990000000100     1630502416620708 0 0 0 0 0 1 0 0 0 0 
460990000000099     1630502418659525 0 0 0 0 0 1 0 0 0 0 
460990000000085     1630502418727743 0 0 0 0 1 0 0 0 0 0 
460990000000054     1630502419730536 0 0 0 0 1 0 0 0 0 0 
460990000000098     1630502421871106 0 0 0 0 0 1 0 0 0 0 
460990000000097     1630502423007987 0 0 0 0 0 1 0 0 0 0 
460990000000094     1630502424030568 0 0 0 0 0 1 0 0 0 0 
460990000000093     1630502425028541 0 0 0 0 0 1 0 0 0 0 
460990000000083     1630502426111378 0 0 0 0 0 1 0 0 0 0 
460990000000081     1630502427122059 0 0 0 0 0 1 0 0 0 0 
460990000000087     1630502428098092 0 0 0 0 0 1 0 0 0 0 
460990000000088     1630502429204218 0 0 0 0 0 1 0 0 0 0 
460990000000004     1630502430182871 0 0 0 0 0 1 0 0 0 0 
460990000000032     1630502431218708 0 0 0 0 0 1 0 0 0 0 
460990000000017     1630502432223354 0 0 0 0 0 1 0 0 0 0 
460990000000001     1630502433231317 0 0 0 0 0 1 0 0 0 0 
460990000000033     1630502434230919 0 0 0 0 0 1 0 0 0 0 
460990000000030     1630502435238942 0 0 0 0 0 1 0 0 0 0 
460990000000086     1630502436230730 0 0 0 0 0 1 0 0 0 0 
460990000000082     1630502437232031 0 0 0 0 0 1 0 0 0 0 
460990000000014     1630502438219160 0 0 0 0 0 1 0 0 0 0 
460990000000080     1630502439260534 0 0 0 0 0 1 0 0 0 0 
460990000000057     1630502440288556 0 0 0 0 0 1 0 0 0 0 
460990000000089     1630502441305014 0 0 0 0 0 1 0 0 0 0 
460990000000002     1630502443328657 0 0 0 0 0 1 0 0 0 0 
460990000000084     1630502444372336 0 0 0 0 0 1 0 0 0 0 
460990000000035     1630502445363007 0 0 0 0 0 1 0 0 0 0 
460990000000026     1630502446338485 0 0 0 0 0 1 0 0 0 0 
460990000000027     1630502447341876 0 0 0 0 0 1 0 0 0 0 
460990000000036     1630502447408898 0 0 0 0 0 1 0 0 0 0 
460990000000007     1630502449369151 0 0 0 0 0 1 0 0 0 0 
460990000000025     1630502450374310 0 0 0 0 0 1 0 0 0 0 
460990000000092     1630502451482766 0 0 0 0 0 1 0 0 0 0 
460990000000019     1630502453448333 0 0 0 0 0 1 0 0 0 0 
460990000000006     1630502454638234 0 0 0 0 0 1 0 0 0 0 
460990000000046     1630502457547331 0 0 0 0 0 1 0 0 0 0 
460990000000029     1630502459567676 0 0 0 0 0 1 0 0 0 0 
460990000000005     1630502461673044 0 0 0 0 0 1 0 0 0 0 
460990000000079     1630502463689449 0 0 0 0 0 1 0 0 0 0 
460990000000034     1630502465699853 0 0 0 0 0 1 0 0 0 0 
460990000000066     1630502467816364 0 0 0 0 0 1 0 0 0 0 
460990000000090     1630502469808619 0 0 0 0 0 1 0 0 0 0 
460990000000011     1630502471823795 0 0 0 0 0 1 0 0 0 0 
460990000000067     1630502473823155 0 0 0 0 0 1 0 0 0 0 
460990000000024     1630502475837546 0 0 0 0 0 1 0 0 0 0 
460990000000076     1630502477835769 0 0 0 0 0 1 0 0 0 0 
460990000000040     1630502479924103 0 0 0 0 0 1 0 0 0 0 
460990000000044     1630502481922666 0 0 0 0 0 1 0 0 0 0 
460990000000050     1630502484009558 0 0 0 0 0 1 0 0 0 0 
460990000000013     1630502485195224 0 0 0 0 0 1 0 0 0 0 
460990000000022     1630502487308358 0 0 0 0 0 1 0 0 0 0 
460990000000023     1630502489410651 0 0 0 0 0 1 0 0 0 0 
460990000000010     1630502491514975 0 0 0 0 0 1 0 0 0 0 
460990000000059     1630502493614960 0 0 0 0 0 1 0 0 0 0 
460990000000031     1630502496845190 0 0 0 0 0 1 0 0 0 0 
460990000000012     1630502498854576 0 0 0 0 0 1 0 0 0 0 
460990000000008     1630502501060662 0 0 0 0 0 1 0 0 0 0 
460990000000016     1630502503067246 0 0 0 0 0 1 0 0 0 0 
460990000000091     1630502505186420 0 0 0 0 0 1 0 0 0 0 
460990000000009     1630502507291118 0 0 0 0 0 1 0 0 0 0 
460990000000021     1630502509301259 0 0 0 0 0 1 0 0 0 0 
460990000000073     1630502511300978 0 0 0 0 0 1 0 0 0 0 
460990000000072     1630502513412251 0 0 0 0 0 1 0 0 0 0 
460990000000061     1630502515511531 0 0 0 0 0 1 0 0 0 0 
460990000000096     1630502517628762 0 0 0 0 0 1 0 0 0 0 
460990000000028     1630502519825541 0 0 0 0 0 1 0 0 0 0 
460990000000038     1630502521821868 0 0 0 0 0 1 0 0 0 0 
460990000000058     1630502524009096 0 0 0 0 0 1 0 0 0 0 
460990000000003     1630502526003713 0 0 0 0 0 1 0 0 0 0 
460990000000055     1630502527105414 0 0 0 0 0 1 0 0 0 0 
460990000000037     1630502530123753 0 0 0 0 0 1 0 0 0 0 
460990000000063     1630502531208530 0 0 0 0 0 1 0 0 0 0 
460990000000041     1630502533184854 0 0 0 0 0 1 0 0 0 0 
460990000000047     1630502535217548 0 0 0 0 0 1 0 0 0 0 
460990000000039     1630502537212835 0 0 0 0 0 1 0 0 0 0 
460990000000043     1630502540244057 0 0 0 0 0 1 0 0 0 0 
460990000000048     1630502542351012 0 0 0 0 0 1 0 0 0 0 
460990000000056     1630502543527807 0 0 0 0 0 1 0 0 0 0 
460990000000045     1630502546575559 0 0 0 0 0 1 0 0 0 0 
460990000000020     1630502548578889 0 0 0 0 0 1 0 0 0 0 
460990000000078     1630502550587394 0 0 0 0 0 1 0 0 0 0 
460990000000051     1630502552681794 0 0 0 0 0 1 0 0 0 0 
460990000000070     1630502554701252 0 0 0 0 0 1 0 0 0 0 
460990000000075     1630502556711076 0 0 0 0 0 1 0 0 0 0 
460990000000053     1630502558712233 0 0 0 0 0 1 0 0 0 0 
460990000000062     1630502560724291 0 0 0 0 0 1 0 0 0 0 
460990000000015     1630502562854904 0 0 0 0 0 1 0 0 0 0 
460990000000069     1630502564956687 0 0 0 0 0 1 0 0 0 0 
460990000000042     1630502567162875 0 0 0 0 0 1 0 0 0 0 
460990000000065     1630502569260644 0 0 0 0 0 1 0 0 0 0 
460990000000018     1630502571278900 0 0 0 0 0 1 0 0 0 0 
460990000000071     1630502573401538 0 0 0 0 0 1 0 0 0 0 
460990000000060     1630502575502361 0 0 0 0 0 1 0 0 0 0 
460990000000068     1630502578442865 0 0 0 0 0 1 0 0 0 0 
460990000000074     1630502580468189 0 0 0 0 0 1 0 0 0 0 
460990000000077     1630502581524334 0 0 0 0 0 1 0 0 0 0 
460990000000095     1630502584559815 0 0 0 0 0 1 0 0 0 0 
460990000000049     1630502586566793 0 0 0 0 0 1 0 0 0 0 
460990000000064     1630502588667747 0 0 0 0 0 1 0 0 0 0 
460990000000052     1630502590761694 0 0 0 0 0 1 0 0 0 0 
460990000000100     1630502591953828 0 0 0 0 0 0 1 0 0 0 
460990000000100     1630502591954043 0 0 0 0 0 0 0 1 0 0 
460990000000099     1630502593958401 0 0 0 0 0 0 1 0 0 0 
460990000000099     1630502593958602 0 0 0 0 0 0 0 1 0 0 
460990000000085     1630502596045096 0 0 0 0 0 1 0 0 0 0 
460990000000054     1630502599272463 0 0 0 0 0 1 0 0 0 0 
460990000000098     1630502600366935 0 0 0 0 0 0 1 0 0 0 
460990000000098     1630502600367374 0 0 0 0 0 0 0 1 0 0 
460990000000097     1630502603417829 0 0 0 0 0 0 1 0 0 0 
460990000000097     1630502603418158 0 0 0 0 0 0 0 1 0 0 
460990000000094     1630502605616668 0 0 0 0 0 0 1 0 0 0 
460990000000094     1630502605616956 0 0 0 0 0 0 0 1 0 0 
460990000000093     1630502607714665 0 0 0 0 0 0 1 0 0 0 
460990000000093     1630502607715206 0 0 0 0 0 0 0 1 0 0 
460990000000083     1630502609716372 0 0 0 0 0 0 1 0 0 0 
460990000000083     1630502609716902 0 0 0 0 0 0 0 1 0 0 
460990000000081     1630502611816720 0 0 0 0 0 0 1 0 0 0 
460990000000081     1630502611816949 0 0 0 0 0 0 0 1 0 0 
460990000000087     1630502613832228 0 0 0 0 0 0 1 0 0 0 
460990000000087     1630502613832415 0 0 0 0 0 0 0 1 0 0 
460990000000088     1630502615861973 0 0 0 0 0 0 1 0 0 0 
460990000000088     1630502615862183 0 0 0 0 0 0 0 1 0 0 
460990000000004     1630502617969575 0 0 0 0 0 0 1 0 0 0 
460990000000004     1630502617970061 0 0 0 0 0 0 0 1 0 0 
460990000000032     1630502620079213 0 0 0 0 0 0 1 0 0 0 
460990000000032     1630502620079641 0 0 0 0 0 0 0 1 0 0 
460990000000017     1630502622107059 0 0 0 0 0 0 1 0 0 0 
460990000000017     1630502622107321 0 0 0 0 0 0 0 1 0 0 
460990000000001     1630502624095721 0 0 0 0 0 0 1 0 0 0 
460990000000001     1630502624095916 0 0 0 0 0 0 0 1 0 0 
460990000000033     1630502626188842 0 0 0 0 0 0 1 0 0 0 
460990000000033     1630502626189427 0 0 0 0 0 0 0 1 0 0 
460990000000030     1630502629249801 0 0 0 0 0 0 1 0 0 0 
460990000000030     1630502629250039 0 0 0 0 0 0 0 1 0 0 
460990000000086     1630502631282599 0 0 0 0 0 0 1 0 0 0 
460990000000086     1630502631282829 0 0 0 0 0 0 0 1 0 0 
460990000000082     1630502633271887 0 0 0 0 0 0 1 0 0 0 
460990000000082     1630502633272092 0 0 0 0 0 0 0 1 0 0 
460990000000014     1630502635312479 0 0 0 0 0 0 1 0 0 0 
460990000000014     1630502635312741 0 0 0 0 0 0 0 1 0 0 
460990000000080     1630502637315877 0 0 0 0 0 0 1 0 0 0 
460990000000080     1630502637316073 0 0 0 0 0 0 0 1 0 0 
460990000000057     1630502639393986 0 0 0 0 0 0 1 0 0 0 
460990000000057     1630502639394208 0 0 0 0 0 0 0 1 0 0 
460990000000089     1630502641543018 0 0 0 0 0 0 1 0 0 0 
460990000000089     1630502641543215 0 0 0 0 0 0 0 1 0 0 
460990000000002     1630502643617607 0 0 0 0 0 0 1 0 0 0 
460990000000002     1630502643617817 0 0 0 0 0 0 0 1 0 0 
460990000000084     1630502645865444 0 0 0 0 0 0 1 0 0 0 
460990000000084     1630502645865660 0 0 0 0 0 0 0 1 0 0 
460990000000035     1630502647972083 0 0 0 0 0 0 1 0 0 0 
460990000000035     1630502647972285 0 0 0 0 0 0 0 1 0 0 
460990000000026     1630502649988549 0 0 0 0 0 0 1 0 0 0 
460990000000026     1630502649988809 0 0 0 0 0 0 0 1 0 0 
460990000000027     1630502652960425 0 0 0 0 0 0 1 0 0 0 
460990000000027     1630502652960641 0 0 0 0 0 0 0 1 0 0 
460990000000036     1630502655055978 0 0 0 0 0 0 1 0 0 0 
460990000000036     1630502655056163 0 0 0 0 0 0 0 1 0 0 
460990000000007     1630502657190646 0 0 0 0 0 0 1 0 0 0 
460990000000007     1630502657190868 0 0 0 0 0 0 0 1 0 0 
460990000000025     1630502660217860 0 0 0 0 0 0 1 0 0 0 
460990000000025     1630502660218406 0 0 0 0 0 0 0 1 0 0 
460990000000092     1630502662320279 0 0 0 0 0 0 1 0 0 0 
460990000000092     1630502662320511 0 0 0 0 0 0 0 1 0 0 
460990000000019     1630502664353868 0 0 0 0 0 0 1 0 0 0 
460990000000019     1630502664354073 0 0 0 0 0 0 0 1 0 0 
460990000000006     1630502666373305 0 0 0 0 0 0 1 0 0 0 
460990000000006     1630502666373518 0 0 0 0 0 0 0 1 0 0 
460990000000046     1630502668388060 0 0 0 0 0 0 1 0 0 0 
460990000000046     1630502668388249 0 0 0 0 0 0 0 1 0 0 
460990000000029     1630502670487310 0 0 0 0 0 0 1 0 0 0 
460990000000029     1630502670487566 0 0 0 0 0 0 0 1 0 0 
460990000000005     1630502672598376 0 0 0 0 0 0 1 0 0 0 
460990000000005     1630502672598642 0 0 0 0 0 0 0 1 0 0 
460990000000079     1630502674716207 0 0 0 0 0 0 1 0 0 0 
460990000000079     1630502674716442 0 0 0 0 0 0 0 1 0 0 
460990000000034     1630502676744314 0 0 0 0 0 0 1 0 0 0 
460990000000034     1630502676744568 0 0 0 0 0 0 0 1 0 0 
460990000000066     1630502678752251 0 0 0 0 0 0 1 0 0 0 
460990000000066     1630502678752497 0 0 0 0 0 0 0 1 0 0 
460990000000090     1630502681668358 0 0 0 0 0 0 1 0 0 0 
460990000000090     1630502681668596 0 0 0 0 0 0 0 1 0 0 
460990000000011     1630502683802667 0 0 0 0 0 0 1 0 0 0 
460990000000011     1630502683802871 0 0 0 0 0 0 0 1 0 0 
460990000000067     1630502685796456 0 0 0 0 0 0 1 0 0 0 
460990000000067     1630502685796647 0 0 0 0 0 0 0 1 0 0 
460990000000024     1630502687824104 0 0 0 0 0 0 1 0 0 0 
460990000000024     1630502687824670 0 0 0 0 0 0 0 1 0 0 
460990000000076     1630502689831229 0 0 0 0 0 0 1 0 0 0 
460990000000076     1630502689831544 0 0 0 0 0 0 0 1 0 0 
460990000000040     1630502691858366 0 0 0 0 0 0 1 0 0 0 
460990000000040     1630502691858712 0 0 0 0 0 0 0 1 0 0 
460990000000044     1630502693887445 0 0 0 0 0 0 1 0 0 0 
460990000000044     1630502693887743 0 0 0 0 0 0 0 1 0 0 
460990000000050     1630502696833566 0 0 0 0 0 0 1 0 0 0 
460990000000050     1630502696833784 0 0 0 0 0 0 0 1 0 0 
460990000000013     1630502698843904 0 0 0 0 0 0 1 0 0 0 
460990000000013     1630502698844114 0 0 0 0 0 0 0 1 0 0 
460990000000022     1630502700866475 0 0 0 0 0 0 1 0 0 0 
460990000000022     1630502700866671 0 0 0 0 0 0 0 1 0 0 
460990000000023     1630502702898397 0 0 0 0 0 0 1 0 0 0 
460990000000023     1630502702898654 0 0 0 0 0 0 0 1 0 0 
460990000000010     1630502704911380 0 0 0 0 0 0 1 0 0 0 
460990000000010     1630502704911588 0 0 0 0 0 0 0 1 0 0 
460990000000059     1630502706904721 0 0 0 0 0 0 1 0 0 0 
460990000000059     1630502706904948 0 0 0 0 0 0 0 1 0 0 
460990000000031     1630502709949758 0 0 0 0 0 0 1 0 0 0 
460990000000031     1630502709950047 0 0 0 0 0 0 0 1 0 0 
460990000000012     1630502711979917 0 0 0 0 0 0 1 0 0 0 
460990000000012     1630502711981498 0 0 0 0 0 0 0 1 0 0 
460990000000008     1630502714013320 0 0 0 0 0 0 1 0 0 0 
460990000000008     1630502714013522 0 0 0 0 0 0 0 1 0 0 
460990000000091     1630502719178172 0 0 0 0 0 0 1 0 0 0 
460990000000091     1630502719178424 0 0 0 0 0 0 0 1 0 0 
460990000000009     1630502721207492 0 0 0 0 0 0 1 0 0 0 
460990000000009     1630502721207792 0 0 0 0 0 0 0 1 0 0 
460990000000021     1630502723216518 0 0 0 0 0 0 1 0 0 0 
460990000000021     1630502723216751 0 0 0 0 0 0 0 1 0 0 
460990000000073     1630502726189794 0 0 0 0 0 0 1 0 0 0 
460990000000073     1630502726190021 0 0 0 0 0 0 0 1 0 0 
460990000000072     1630502728219858 0 0 0 0 0 0 1 0 0 0 
460990000000072     1630502728220057 0 0 0 0 0 0 0 1 0 0 
460990000000061     1630502730269580 0 0 0 0 0 0 1 0 0 0 
460990000000061     1630502730269847 0 0 0 0 0 0 0 1 0 0 
460990000000096     1630502733302781 0 0 0 0 0 0 1 0 0 0 
460990000000096     1630502733302989 0 0 0 0 0 0 0 1 0 0 
460990000000028     1630502735474566 0 0 0 0 0 0 1 0 0 0 
460990000000028     1630502735474849 0 0 0 0 0 0 0 1 0 0 
460990000000038     1630502738393523 0 0 0 0 0 0 1 0 0 0 
460990000000038     1630502738393735 0 0 0 0 0 0 0 1 0 0 
460990000000058     1630502740520425 0 0 0 0 0 0 1 0 0 0 
460990000000058     1630502740520614 0 0 0 0 0 0 0 1 0 0 
460990000000003     1630502742579527 0 0 0 0 0 0 1 0 0 0 
460990000000003     1630502742579743 0 0 0 0 0 0 0 1 0 0 
460990000000055     1630502744599967 0 0 0 0 0 0 1 0 0 0 
460990000000055     1630502744600276 0 0 0 0 0 0 0 1 0 0 
460990000000037     1630502746591460 0 0 0 0 0 0 1 0 0 0 
460990000000037     1630502746591656 0 0 0 0 0 0 0 1 0 0 
460990000000063     1630502748607660 0 0 0 0 0 0 1 0 0 0 
460990000000063     1630502748607861 0 0 0 0 0 0 0 1 0 0 
460990000000041     1630502751531787 0 0 0 0 0 0 1 0 0 0 
460990000000041     1630502751532088 0 0 0 0 0 0 0 1 0 0 
460990000000047     1630502753585844 0 0 0 0 0 0 1 0 0 0 
460990000000047     1630502753586054 0 0 0 0 0 0 0 1 0 0 
460990000000039     1630502755595735 0 0 0 0 0 0 1 0 0 0 
460990000000039     1630502755595944 0 0 0 0 0 0 0 1 0 0 
460990000000043     1630502757617469 0 0 0 0 0 0 1 0 0 0 
460990000000043     1630502757617670 0 0 0 0 0 0 0 1 0 0 
460990000000048     1630502760540656 0 0 0 0 0 0 1 0 0 0 
460990000000048     1630502760540968 0 0 0 0 0 0 0 1 0 0 
460990000000056     1630502762684567 0 0 0 0 0 0 1 0 0 0 
460990000000056     1630502762684761 0 0 0 0 0 0 0 1 0 0 
460990000000045     1630502764720017 0 0 0 0 0 0 1 0 0 0 
460990000000045     1630502764720231 0 0 0 0 0 0 0 1 0 0 
460990000000020     1630502767754192 0 0 0 0 0 0 1 0 0 0 
460990000000020     1630502767754436 0 0 0 0 0 0 0 1 0 0 
460990000000078     1630502769792767 0 0 0 0 0 0 1 0 0 0 
460990000000078     1630502769793054 0 0 0 0 0 0 0 1 0 0 
460990000000051     1630502771897901 0 0 0 0 0 0 1 0 0 0 
460990000000051     1630502771898145 0 0 0 0 0 0 0 1 0 0 
460990000000070     1630502773996816 0 0 0 0 0 0 1 0 0 0 
460990000000070     1630502773997054 0 0 0 0 0 0 0 1 0 0 
460990000000075     1630502775996501 0 0 0 0 0 0 1 0 0 0 
460990000000075     1630502775996794 0 0 0 0 0 0 0 1 0 0 
460990000000053     1630502778030150 0 0 0 0 0 0 1 0 0 0 
460990000000053     1630502778030461 0 0 0 0 0 0 0 1 0 0 
460990000000062     1630502780169843 0 0 0 0 0 0 1 0 0 0 
460990000000062     1630502780170044 0 0 0 0 0 0 0 1 0 0 
460990000000015     1630502782281330 0 0 0 0 0 0 1 0 0 0 
460990000000015     1630502782281541 0 0 0 0 0 0 0 1 0 0 
460990000000069     1630502785311469 0 0 0 0 0 0 1 0 0 0 
460990000000069     1630502785311680 0 0 0 0 0 0 0 1 0 0 
460990000000042     1630502787340144 0 0 0 0 0 0 1 0 0 0 
460990000000042     1630502787340340 0 0 0 0 0 0 0 1 0 0 
460990000000065     1630502789473055 0 0 0 0 0 0 1 0 0 0 
460990000000065     1630502789473246 0 0 0 0 0 0 0 1 0 0 
460990000000018     1630502791491226 0 0 0 0 0 0 1 0 0 0 
460990000000018     1630502791491415 0 0 0 0 0 0 0 1 0 0 
460990000000071     1630502794722523 0 0 0 0 0 0 1 0 0 0 
460990000000071     1630502794722796 0 0 0 0 0 0 0 1 0 0 
460990000000060     1630502796824954 0 0 0 0 0 0 1 0 0 0 
460990000000060     1630502796825174 0 0 0 0 0 0 0 1 0 0 
460990000000068     1630502798990919 0 0 0 0 0 0 1 0 0 0 
460990000000068     1630502798991106 0 0 0 0 0 0 0 1 0 0 
460990000000074     1630502801115356 0 0 0 0 0 0 1 0 0 0 
460990000000074     1630502801115663 0 0 0 0 0 0 0 1 0 0 
460990000000077     1630502803124521 0 0 0 0 0 0 1 0 0 0 
460990000000077     1630502803124729 0 0 0 0 0 0 0 1 0 0 
460990000000095     1630502806363949 0 0 0 0 0 0 1 0 0 0 
460990000000095     1630502806364213 0 0 0 0 0 0 0 1 0 0 
460990000000049     1630502808502213 0 0 0 0 0 0 1 0 0 0 
460990000000049     1630502808502459 0 0 0 0 0 0 0 1 0 0 
460990000000064     1630502810535167 0 0 0 0 0 0 1 0 0 0 
460990000000064     1630502810535370 0 0 0 0 0 0 0 1 0 0 
460990000000052     1630502813685946 0 0 0 0 0 0 1 0 0 0 
460990000000052     1630502813686281 0 0 0 0 0 0 0 1 0 0 
460990000000100     1630502815716668 0 0 0 0 0 0 0 0 1 0 
460990000000099     1630502819780251 0 0 0 0 0 0 0 0 1 0 
460990000000085     1630502823895354 0 0 0 0 0 0 1 0 0 0 
460990000000085     1630502823895563 0 0 0 0 0 0 0 1 0 0 
460990000000054     1630502825926502 0 0 0 0 0 0 1 0 0 0 
460990000000054     1630502825926745 0 0 0 0 0 0 0 1 0 0 
460990000000098     1630502828017297 0 0 0 0 0 0 0 0 1 0 
460990000000097     1630502832118619 0 0 0 0 0 0 0 0 1 0 
460990000000094     1630502835291123 0 0 0 0 0 0 0 0 1 0 
460990000000093     1630502839301929 0 0 0 0 0 0 0 0 1 0 
460990000000083     1630502843564426 0 0 0 0 0 0 0 0 1 0 
460990000000081     1630502847571263 0 0 0 0 0 0 0 0 1 0 
460990000000087     1630502850734225 0 0 0 0 0 0 0 0 1 0 
460990000000088     1630502854985182 0 0 0 0 0 0 0 0 1 0 
460990000000004     1630502858225770 0 0 0 0 0 0 0 0 1 0 
460990000000032     1630502862294758 0 0 0 0 0 0 0 0 1 0 
460990000000017     1630502865362570 0 0 0 0 0 0 0 0 1 0 
460990000000001     1630502869410275 0 0 0 0 0 0 0 0 1 0 
460990000000033     1630502873707248 0 0 0 0 0 0 0 0 1 0 
460990000000030     1630502876893092 0 0 0 0 0 0 0 0 1 0 
460990000000086     1630502881043267 0 0 0 0 0 0 0 0 1 0 
460990000000082     1630502884084510 0 0 0 0 0 0 0 0 1 0 
460990000000014     1630502888377994 0 0 0 0 0 0 0 0 1 0 
460990000000080     1630502892367328 0 0 0 0 0 0 0 0 1 0 
460990000000057     1630502896549496 0 0 0 0 0 0 0 0 1 0 
460990000000089     1630502899605141 0 0 0 0 0 0 0 0 1 0 
460990000000002     1630502903585282 0 0 0 0 0 0 0 0 1 0 
460990000000084     1630502906748440 0 0 0 0 0 0 0 0 1 0 
460990000000035     1630502910975455 0 0 0 0 0 0 0 0 1 0 
460990000000026     1630502915044926 0 0 0 0 0 0 0 0 1 0 
460990000000027     1630502919124950 0 0 0 0 0 0 0 0 1 0 
460990000000036     1630502923423890 0 0 0 0 0 0 0 0 1 0 
460990000000007     1630502926690363 0 0 0 0 0 0 0 0 1 0 
460990000000025     1630502930849776 0 0 0 0 0 0 0 0 1 0 
460990000000092     1630502934122409 0 0 0 0 0 0 0 0 1 0 
460990000000019     1630502938107567 0 0 0 0 0 0 0 0 1 0 
460990000000006     1630502942083298 0 0 0 0 0 0 0 0 1 0 
460990000000046     1630502946081596 0 0 0 0 0 0 0 0 1 0 
460990000000029     1630502950173575 0 0 0 0 0 0 0 0 1 0 
460990000000005     1630502953347116 0 0 0 0 0 0 0 0 1 0 
460990000000079     1630502957711304 0 0 0 0 0 0 0 0 1 0 
460990000000034     1630502961715489 0 0 0 0 0 0 0 0 1 0 
460990000000066     1630502964774630 0 0 0 0 0 0 0 0 1 0 
460990000000090     1630502968758632 0 0 0 0 0 0 0 0 1 0 
460990000000011     1630502972728528 0 0 0 0 0 0 0 0 1 0 
460990000000067     1630502975812246 0 0 0 0 0 0 0 0 1 0 
460990000000024     1630502979771234 0 0 0 0 0 0 0 0 1 0 
460990000000076     1630502983017633 0 0 0 0 0 0 0 0 1 0 
460990000000040     1630502987107128 0 0 0 0 0 0 0 0 1 0 
460990000000044     1630502991186216 0 0 0 0 0 0 0 0 1 0 
460990000000050     1630502995317324 0 0 0 0 0 0 0 0 1 0 
460990000000013     1630502999388491 0 0 0 0 0 0 0 0 1 0 
460990000000022     1630503002564524 0 0 0 0 0 0 0 0 1 0 
460990000000023     1630503006551593 0 0 0 0 0 0 0 0 1 0 
460990000000010     1630503010639858 0 0 0 0 0 0 0 0 1 0 
460990000000059     1630503014627182 0 0 0 0 0 0 0 0 1 0 
460990000000031     1630503017917586 0 0 0 0 0 0 0 0 1 0 
460990000000012     1630503022076091 0 0 0 0 0 0 0 0 1 0 
460990000000008     1630503026165547 0 0 0 0 0 0 0 0 1 0 
460990000000091     1630503030364038 0 0 0 0 0 0 0 0 1 0 
460990000000009     1630503033444060 0 0 0 0 0 0 0 0 1 0 
460990000000021     1630503037493111 0 0 0 0 0 0 0 0 1 0 
460990000000073     1630503040569756 0 0 0 0 0 0 0 0 1 0 
460990000000072     1630503044551422 0 0 0 0 0 0 0 0 1 0 
460990000000061     1630503048535171 0 0 0 0 0 0 0 0 1 0 
460990000000096     1630503052664444 0 0 0 0 0 0 0 0 1 0 
460990000000028     1630503056753342 0 0 0 0 0 0 0 0 1 0 
460990000000038     1630503060762147 0 0 0 0 0 0 0 0 1 0 
460990000000058     1630503064764891 0 0 0 0 0 0 0 0 1 0 
460990000000003     1630503068759500 0 0 0 0 0 0 0 0 1 0 
460990000000055     1630503071838088 0 0 0 0 0 0 0 0 1 0 
460990000000037     1630503076058348 0 0 0 0 0 0 0 0 1 0 
460990000000063     1630503080046260 0 0 0 0 0 0 0 0 1 0 
460990000000041     1630503084142452 0 0 0 0 0 0 0 0 1 0 
460990000000047     1630503088263318 0 0 0 0 0 0 0 0 1 0 
460990000000039     1630503092295826 0 0 0 0 0 0 0 0 1 0 
460990000000043     1630503096375619 0 0 0 0 0 0 0 0 1 0 
460990000000048     1630503100437792 0 0 0 0 0 0 0 0 1 0 
460990000000056     1630503104439032 0 0 0 0 0 0 0 0 1 0 
460990000000045     1630503107613655 0 0 0 0 0 0 0 0 1 0 
460990000000020     1630503111817227 0 0 0 0 0 0 0 0 1 0 
460990000000078     1630503115810049 0 0 0 0 0 0 0 0 1 0 
460990000000051     1630503119809817 0 0 0 0 0 0 0 0 1 0 
460990000000070     1630503123771603 0 0 0 0 0 0 0 0 1 0 
460990000000075     1630503126957975 0 0 0 0 0 0 0 0 1 0 
460990000000053     1630503131024017 0 0 0 0 0 0 0 0 1 0 
460990000000062     1630503135221647 0 0 0 0 0 0 0 0 1 0 
460990000000015     1630503138258271 0 0 0 0 0 0 0 0 1 0 
460990000000069     1630503142330727 0 0 0 0 0 0 0 0 1 0 
460990000000042     1630503146446193 0 0 0 0 0 0 0 0 1 0 
460990000000065     1630503149524366 0 0 0 0 0 0 0 0 1 0 
460990000000018     1630503153783894 0 0 0 0 0 0 0 0 1 0 
460990000000071     1630503157856906 0 0 0 0 0 0 0 0 1 0 
460990000000060     1630503161040399 0 0 0 0 0 0 0 0 1 0 
460990000000068     1630503165210734 0 0 0 0 0 0 0 0 1 0 
460990000000074     1630503169203487 0 0 0 0 0 0 0 0 1 0 
460990000000077     1630503173308182 0 0 0 0 0 0 0 0 1 0 
460990000000095     1630503176477835 0 0 0 0 0 0 0 0 1 0 
460990000000049     1630503180642943 0 0 0 0 0 0 0 0 1 0 
460990000000064     1630503184841841 0 0 0 0 0 0 0 0 1 0 
460990000000052     1630503188929771 0 0 0 0 0 0 0 0 1 0 
460990000000100     1630503192020200 0 0 0 0 0 0 0 0 0 1 
460990000000099     1630503194949724 0 0 0 0 0 0 0 0 0 1 
460990000000085     1630503196932048 0 0 0 0 0 0 0 0 1 0 
460990000000054     1630503199991592 0 0 0 0 0 0 0 0 1 0 
460990000000098     1630503203982031 0 0 0 0 0 0 0 0 0 1 
460990000000097     1630503206008119 0 0 0 0 0 0 0 0 0 1 
460990000000094     1630503207979437 0 0 0 0 0 0 0 0 0 1 
460990000000093     1630503210092736 0 0 0 0 0 0 0 0 0 1 
460990000000083     1630503212073574 0 0 0 0 0 0 0 0 0 1 
460990000000081     1630503214096858 0 0 0 0 0 0 0 0 0 1 
460990000000087     1630503216196015 0 0 0 0 0 0 0 0 0 1 
460990000000088     1630503217273835 0 0 0 0 0 0 0 0 0 1 
460990000000004     1630503220309657 0 0 0 0 0 0 0 0 0 1 
460990000000032     1630503222316078 0 0 0 0 0 0 0 0 0 1 
460990000000017     1630503224459816 0 0 0 0 0 0 0 0 0 1 
460990000000001     1630503226526271 0 0 0 0 0 0 0 0 0 1 
460990000000033     1630503228549638 0 0 0 0 0 0 0 0 0 1 
460990000000030     1630503230633156 0 0 0 0 0 0 0 0 0 1 
460990000000086     1630503232859788 0 0 0 0 0 0 0 0 0 1 
460990000000082     1630503234981484 0 0 0 0 0 0 0 0 0 1 
460990000000014     1630503238082804 0 0 0 0 0 0 0 0 0 1 
460990000000080     1630503240043888 0 0 0 0 0 0 0 0 0 1 
460990000000057     1630503242068318 0 0 0 0 0 0 0 0 0 1 
460990000000089     1630503244048248 0 0 0 0 0 0 0 0 0 1 
460990000000002     1630503246180169 0 0 0 0 0 0 0 0 0 1 
460990000000084     1630503248186340 0 0 0 0 0 0 0 0 0 1 
460990000000035     1630503250269953 0 0 0 0 0 0 0 0 0 1 
460990000000026     1630503252420939 0 0 0 0 0 0 0 0 0 1 
460990000000027     1630503254416982 0 0 0 0 0 0 0 0 0 1 
460990000000036     1630503256417897 0 0 0 0 0 0 0 0 0 1 
460990000000007     1630503258559303 0 0 0 0 0 0 0 0 0 1 
460990000000025     1630503260648220 0 0 0 0 0 0 0 0 0 1 
460990000000092     1630503262660815 0 0 0 0 0 0 0 0 0 1 
460990000000019     1630503264753867 0 0 0 0 0 0 0 0 0 1 
460990000000006     1630503267799832 0 0 0 0 0 0 0 0 0 1 
460990000000046     1630503269811412 0 0 0 0 0 0 0 0 0 1 
460990000000029     1630503271899671 0 0 0 0 0 0 0 0 0 1 
460990000000005     1630503272989059 0 0 0 0 0 0 0 0 0 1 
460990000000079     1630503274993949 0 0 0 0 0 0 0 0 0 1 
460990000000034     1630503276992170 0 0 0 0 0 0 0 0 0 1 
460990000000066     1630503279954749 0 0 0 0 0 0 0 0 0 1 
460990000000090     1630503281108504 0 0 0 0 0 0 0 0 0 1 
460990000000011     1630503284042510 0 0 0 0 0 0 0 0 0 1 
460990000000067     1630503286046891 0 0 0 0 0 0 0 0 0 1 
460990000000076     1630503290192081 0 0 0 0 0 0 0 0 0 1 
460990000000040     1630503292249168 0 0 0 0 0 0 0 0 0 1 
460990000000044     1630503294270427 0 0 0 0 0 0 0 0 0 1 
460990000000050     1630503296300550 0 0 0 0 0 0 0 0 0 1 
460990000000013     1630503298451394 0 0 0 0 0 0 0 0 0 1 
460990000000022     1630503300459856 0 0 0 0 0 0 0 0 0 1 
460990000000023     1630503302519498 0 0 0 0 0 0 0 0 0 1 
460990000000010     1630503304538635 0 0 0 0 0 0 0 0 0 1 
460990000000059     1630503306548171 0 0 0 0 0 0 0 0 0 1 
460990000000031     1630503308662797 0 0 0 0 0 0 0 0 0 1 
460990000000012     1630503311715138 0 0 0 0 0 0 0 0 0 1 
460990000000008     1630503313808393 0 0 0 0 0 0 0 0 0 1 
460990000000091     1630503314882784 0 0 0 0 0 0 0 0 0 1 
460990000000009     1630503317870874 0 0 0 0 0 0 0 0 0 1 
460990000000021     1630503319814612 0 0 0 0 0 0 0 0 0 1 
460990000000073     1630503321951893 0 0 0 0 0 0 0 0 0 1 
460990000000072     1630503323980718 0 0 0 0 0 0 0 0 0 1 
460990000000061     1630503327023891 0 0 0 0 0 0 0 0 0 1 
460990000000096     1630503329040492 0 0 0 0 0 0 0 0 0 1 
460990000000028     1630503331073364 0 0 0 0 0 0 0 0 0 1 
460990000000038     1630503333070370 0 0 0 0 0 0 0 0 0 1 
460990000000058     1630503335080794 0 0 0 0 0 0 0 0 0 1 
460990000000003     1630503337179515 0 0 0 0 0 0 0 0 0 1 
460990000000055     1630503339309909 0 0 0 0 0 0 0 0 0 1 
460990000000037     1630503341407748 0 0 0 0 0 0 0 0 0 1 
460990000000063     1630503343602452 0 0 0 0 0 0 0 0 0 1 
460990000000041     1630503345630688 0 0 0 0 0 0 0 0 0 1 
460990000000047     1630503347739162 0 0 0 0 0 0 0 0 0 1 
460990000000039     1630503350707124 0 0 0 0 0 0 0 0 0 1 
460990000000043     1630503352723841 0 0 0 0 0 0 0 0 0 1 
460990000000048     1630503354724607 0 0 0 0 0 0 0 0 0 1 
460990000000056     1630503356723990 0 0 0 0 0 0 0 0 0 1 
460990000000045     1630503358751203 0 0 0 0 0 0 0 0 0 1 
460990000000020     1630503360772038 0 0 0 0 0 0 0 0 0 1 
460990000000078     1630503362773848 0 0 0 0 0 0 0 0 0 1 
460990000000051     1630503365810381 0 0 0 0 0 0 0 0 0 1 
460990000000070     1630503366852695 0 0 0 0 0 0 0 0 0 1 
460990000000075     1630503370063812 0 0 0 0 0 0 0 0 0 1 
460990000000053     1630503371113461 0 0 0 0 0 0 0 0 0 1 
460990000000062     1630503373169905 0 0 0 0 0 0 0 0 0 1 
460990000000015     1630503376258352 0 0 0 0 0 0 0 0 0 1 
460990000000069     1630503378275178 0 0 0 0 0 0 0 0 0 1 
460990000000042     1630503380283779 0 0 0 0 0 0 0 0 0 1 
460990000000065     1630503382399291 0 0 0 0 0 0 0 0 0 1 
460990000000018     1630503383445077 0 0 0 0 0 0 0 0 0 1 
460990000000071     1630503386467212 0 0 0 0 0 0 0 0 0 1 
460990000000060     1630503388463336 0 0 0 0 0 0 0 0 0 1 
460990000000068     1630503389559429 0 0 0 0 0 0 0 0 0 1 
460990000000077     1630503393743961 0 0 0 0 0 0 0 0 0 1 
460990000000095     1630503396858431 0 0 0 0 0 0 0 0 0 1 
460990000000049     1630503398814246 0 0 0 0 0 0 0 0 0 1 
460990000000064     1630503400847269 0 0 0 0 0 0 0 0 0 1 
460990000000052     1630503402884000 0 0 0 0 0 0 0 0 0 1 
460990000000085     1630503405917413 0 0 0 0 0 0 0 0 0 1 
460990000000054     1630503408019639 0 0 0 0 0 0 0 0 0 1 
