460990000000100     1630504016300428	1	0	0	0	0	0	0	0	0	0	
460990000000100     1630504016300669 0 1 0 0 0 0 0 0 0 0 
460990000000100     1630504016300900 0 0 1 0 0 0 0 0 0 0 
460990000000099     1630504016301434	1	0	0	0	0	0	0	0	0	0	
460990000000099     1630504016301533 0 1 0 0 0 0 0 0 0 0 
460990000000098     1630504016301593	1	0	0	0	0	0	0	0	0	0	
460990000000099     1630504016301609 0 0 1 0 0 0 0 0 0 0 
460990000000100     1630504016301608 0 0 0 1 0 0 0 0 0 0 
460990000000098     1630504016302426 0 1 0 0 0 0 0 0 0 0 
460990000000097     1630504016302434	1	0	0	0	0	0	0	0	0	0	
460990000000098     1630504016302795 0 0 1 0 0 0 0 0 0 0 
460990000000099     1630504016303074 0 0 0 1 0 0 0 0 0 0 
460990000000090     1630504016304818	1	0	0	0	0	0	0	0	0	0	
460990000000098     1630504016305050 0 0 0 1 0 0 0 0 0 0 
460990000000097     1630504016305065 0 1 0 0 0 0 0 0 0 0 
460990000000094     1630504016304291	1	0	0	0	0	0	0	0	0	0	
460990000000093     1630504016305151	1	0	0	0	0	0	0	0	0	0	
460990000000090     1630504016305338 0 1 0 0 0 0 0 0 0 0 
460990000000094     1630504016306044 0 1 0 0 0 0 0 0 0 0 
460990000000090     1630504016306148 0 0 1 0 0 0 0 0 0 0 
460990000000097     1630504016305954 0 0 1 0 0 0 0 0 0 0 
460990000000092     1630504016306606	1	0	0	0	0	0	0	0	0	0	
460990000000093     1630504016306852 0 1 0 0 0 0 0 0 0 0 
460990000000094     1630504016306865 0 0 1 0 0 0 0 0 0 0 
460990000000087     1630504016307148	1	0	0	0	0	0	0	0	0	0	
460990000000093     1630504016307200 0 0 1 0 0 0 0 0 0 0 
460990000000087     1630504016308018 0 1 0 0 0 0 0 0 0 0 
460990000000097     1630504016307556 0 0 0 1 0 0 0 0 0 0 
460990000000092     1630504016308120 0 1 0 0 0 0 0 0 0 0 
460990000000094     1630504016308282 0 0 0 1 0 0 0 0 0 0 
460990000000093     1630504016308605 0 0 0 1 0 0 0 0 0 0 
460990000000090     1630504016308276 0 0 0 1 0 0 0 0 0 0 
460990000000089     1630504016308433	1	0	0	0	0	0	0	0	0	0	
460990000000089     1630504016309181 0 1 0 0 0 0 0 0 0 0 
460990000000085     1630504016308337	1	0	0	0	0	0	0	0	0	0	
460990000000085     1630504016309360 0 1 0 0 0 0 0 0 0 0 
460990000000087     1630504016309026 0 0 1 0 0 0 0 0 0 0 
460990000000092     1630504016309272 0 0 1 0 0 0 0 0 0 0 
460990000000089     1630504016309808 0 0 1 0 0 0 0 0 0 0 
460990000000085     1630504016309887 0 0 1 0 0 0 0 0 0 0 
460990000000092     1630504016309960 0 0 0 1 0 0 0 0 0 0 
460990000000086     1630504016309782	1	0	0	0	0	0	0	0	0	0	
460990000000086     1630504016310278 0 1 0 0 0 0 0 0 0 0 
460990000000085     1630504016310561 0 0 0 1 0 0 0 0 0 0 
460990000000087     1630504016310635 0 0 0 1 0 0 0 0 0 0 
460990000000089     1630504016310680 0 0 0 1 0 0 0 0 0 0 
460990000000083     1630504016310028	1	0	0	0	0	0	0	0	0	0	
460990000000083     1630504016311010 0 1 0 0 0 0 0 0 0 0 
460990000000081     1630504016308792	1	0	0	0	0	0	0	0	0	0	
460990000000079     1630504016314472	1	0	0	0	0	0	0	0	0	0	
460990000000086     1630504016314455 0 0 1 0 0 0 0 0 0 0 
460990000000083     1630504016314426 0 0 1 0 0 0 0 0 0 0 
460990000000084     1630504016315090	1	0	0	0	0	0	0	0	0	0	
460990000000079     1630504016315238 0 1 0 0 0 0 0 0 0 0 
460990000000084     1630504016315471 0 1 0 0 0 0 0 0 0 0 
460990000000079     1630504016315473 0 0 1 0 0 0 0 0 0 0 
460990000000084     1630504016315692 0 0 1 0 0 0 0 0 0 0 
460990000000036     1630504016315779	1	0	0	0	0	0	0	0	0	0	
460990000000036     1630504016315927 0 1 0 0 0 0 0 0 0 0 
460990000000036     1630504016316146 0 0 1 0 0 0 0 0 0 0 
460990000000081     1630504016316177 0 1 0 0 0 0 0 0 0 0 
460990000000081     1630504016317525 0 0 1 0 0 0 0 0 0 0 
460990000000025     1630504016317797	1	0	0	0	0	0	0	0	0	0	
460990000000025     1630504016317876 0 1 0 0 0 0 0 0 0 0 
460990000000088     1630504016318133	1	0	0	0	0	0	0	0	0	0	
460990000000079     1630504016317558 0 0 0 1 0 0 0 0 0 0 
460990000000088     1630504016319028 0 1 0 0 0 0 0 0 0 0 
460990000000025     1630504016319216 0 0 1 0 0 0 0 0 0 0 
460990000000081     1630504016321216 0 0 0 1 0 0 0 0 0 0 
460990000000088     1630504016323124 0 0 1 0 0 0 0 0 0 0 
460990000000036     1630504016322888 0 0 0 1 0 0 0 0 0 0 
460990000000034     1630504016323507	1	0	0	0	0	0	0	0	0	0	
460990000000086     1630504016323540 0 0 0 1 0 0 0 0 0 0 
460990000000057     1630504016322916	1	0	0	0	0	0	0	0	0	0	
460990000000084     1630504016322776 0 0 0 1 0 0 0 0 0 0 
460990000000034     1630504016329285 0 1 0 0 0 0 0 0 0 0 
460990000000080     1630504016326285	1	0	0	0	0	0	0	0	0	0	
460990000000035     1630504016325620	1	0	0	0	0	0	0	0	0	0	
460990000000025     1630504016329273 0 0 0 1 0 0 0 0 0 0 
460990000000080     1630504016329806 0 1 0 0 0 0 0 0 0 0 
460990000000035     1630504016330208 0 1 0 0 0 0 0 0 0 0 
460990000000005     1630504016330071	1	0	0	0	0	0	0	0	0	0	
460990000000035     1630504016330289 0 0 1 0 0 0 0 0 0 0 
460990000000005     1630504016330848 0 1 0 0 0 0 0 0 0 0 
460990000000080     1630504016329878 0 0 1 0 0 0 0 0 0 0 
460990000000088     1630504016330197 0 0 0 1 0 0 0 0 0 0 
460990000000034     1630504016331002 0 0 1 0 0 0 0 0 0 0 
460990000000024     1630504016331058	1	0	0	0	0	0	0	0	0	0	
460990000000033     1630504016330842	1	0	0	0	0	0	0	0	0	0	
460990000000033     1630504016333264 0 1 0 0 0 0 0 0 0 0 
460990000000032     1630504016330590	1	0	0	0	0	0	0	0	0	0	
460990000000005     1630504016333407 0 0 1 0 0 0 0 0 0 0 
460990000000027     1630504016333497	1	0	0	0	0	0	0	0	0	0	
460990000000033     1630504016333423 0 0 1 0 0 0 0 0 0 0 
460990000000027     1630504016333712 0 1 0 0 0 0 0 0 0 0 
460990000000032     1630504016333746 0 1 0 0 0 0 0 0 0 0 
460990000000027     1630504016333813 0 0 1 0 0 0 0 0 0 0 
460990000000082     1630504016333912	1	0	0	0	0	0	0	0	0	0	
460990000000002     1630504016333867	1	0	0	0	0	0	0	0	0	0	
460990000000046     1630504016333994	1	0	0	0	0	0	0	0	0	0	
460990000000082     1630504016333979 0 1 0 0 0 0 0 0 0 0 
460990000000032     1630504016334109 0 0 1 0 0 0 0 0 0 0 
460990000000046     1630504016334134 0 1 0 0 0 0 0 0 0 0 
460990000000046     1630504016334269 0 0 1 0 0 0 0 0 0 0 
460990000000082     1630504016334316 0 0 1 0 0 0 0 0 0 0 
460990000000024     1630504016334370 0 1 0 0 0 0 0 0 0 0 
460990000000030     1630504016332757	1	0	0	0	0	0	0	0	0	0	
460990000000024     1630504016334475 0 0 1 0 0 0 0 0 0 0 
460990000000034     1630504016334489 0 0 0 1 0 0 0 0 0 0 
460990000000030     1630504016334775 0 1 0 0 0 0 0 0 0 0 
460990000000035     1630504016334863 0 0 0 1 0 0 0 0 0 0 
460990000000030     1630504016334904 0 0 1 0 0 0 0 0 0 0 
460990000000080     1630504016335142 0 0 0 1 0 0 0 0 0 0 
460990000000017     1630504016335216	1	0	0	0	0	0	0	0	0	0	
460990000000005     1630504016335286 0 0 0 1 0 0 0 0 0 0 
460990000000017     1630504016335301 0 1 0 0 0 0 0 0 0 0 
460990000000057     1630504016335194 0 1 0 0 0 0 0 0 0 0 
460990000000017     1630504016335385 0 0 1 0 0 0 0 0 0 0 
460990000000057     1630504016335481 0 0 1 0 0 0 0 0 0 0 
460990000000014     1630504016336143	1	0	0	0	0	0	0	0	0	0	
460990000000083     1630504016336298 0 0 0 1 0 0 0 0 0 0 
460990000000004     1630504016336316	1	0	0	0	0	0	0	0	0	0	
460990000000014     1630504016336369 0 1 0 0 0 0 0 0 0 0 
460990000000004     1630504016336497 0 1 0 0 0 0 0 0 0 0 
460990000000004     1630504016336604 0 0 1 0 0 0 0 0 0 0 
460990000000006     1630504016335048	1	0	0	0	0	0	0	0	0	0	
460990000000006     1630504016336995 0 1 0 0 0 0 0 0 0 0 
460990000000006     1630504016337080 0 0 1 0 0 0 0 0 0 0 
460990000000002     1630504016337221 0 1 0 0 0 0 0 0 0 0 
460990000000014     1630504016337302 0 0 1 0 0 0 0 0 0 0 
460990000000002     1630504016337876 0 0 1 0 0 0 0 0 0 0 
460990000000001     1630504016338029	1	0	0	0	0	0	0	0	0	0	
460990000000001     1630504016338435 0 1 0 0 0 0 0 0 0 0 
460990000000026     1630504016338424	1	0	0	0	0	0	0	0	0	0	
460990000000026     1630504016338547 0 1 0 0 0 0 0 0 0 0 
460990000000030     1630504016338564 0 0 0 1 0 0 0 0 0 0 
460990000000001     1630504016338524 0 0 1 0 0 0 0 0 0 0 
460990000000026     1630504016338651 0 0 1 0 0 0 0 0 0 0 
460990000000019     1630504016339183	1	0	0	0	0	0	0	0	0	0	
460990000000024     1630504016339442 0 0 0 1 0 0 0 0 0 0 
460990000000019     1630504016339633 0 1 0 0 0 0 0 0 0 0 
460990000000019     1630504016339864 0 0 1 0 0 0 0 0 0 0 
460990000000017     1630504016340115 0 0 0 1 0 0 0 0 0 0 
460990000000007     1630504016340217	1	0	0	0	0	0	0	0	0	0	
460990000000046     1630504016340238 0 0 0 1 0 0 0 0 0 0 
460990000000007     1630504016340313 0 1 0 0 0 0 0 0 0 0 
460990000000057     1630504016340616 0 0 0 1 0 0 0 0 0 0 
460990000000007     1630504016340488 0 0 1 0 0 0 0 0 0 0 
460990000000067     1630504016342317	1	0	0	0	0	0	0	0	0	0	
460990000000066     1630504016342891	1	0	0	0	0	0	0	0	0	0	
460990000000029     1630504016343359	1	0	0	0	0	0	0	0	0	0	
460990000000029     1630504016343501 0 1 0 0 0 0 0 0 0 0 
460990000000029     1630504016343730 0 0 1 0 0 0 0 0 0 0 
460990000000018     1630504016344513	1	0	0	0	0	0	0	0	0	0	
460990000000027     1630504016345451 0 0 0 1 0 0 0 0 0 0 
460990000000091     1630504016345582	1	0	0	0	0	0	0	0	0	0	
460990000000082     1630504016346134 0 0 0 1 0 0 0 0 0 0 
460990000000021     1630504016346285	1	0	0	0	0	0	0	0	0	0	
460990000000006     1630504016346330 0 0 0 1 0 0 0 0 0 0 
460990000000032     1630504016346341 0 0 0 1 0 0 0 0 0 0 
460990000000010     1630504016346551	1	0	0	0	0	0	0	0	0	0	
460990000000076     1630504016349271	1	0	0	0	0	0	0	0	0	0	
460990000000076     1630504016350015 0 1 0 0 0 0 0 0 0 0 
460990000000076     1630504016350258 0 0 1 0 0 0 0 0 0 0 
460990000000067     1630504016350375 0 1 0 0 0 0 0 0 0 0 
460990000000067     1630504016350557 0 0 1 0 0 0 0 0 0 0 
460990000000004     1630504016350694 0 0 0 1 0 0 0 0 0 0 
460990000000072     1630504016351489	1	0	0	0	0	0	0	0	0	0	
460990000000010     1630504016351821 0 1 0 0 0 0 0 0 0 0 
460990000000091     1630504016351971 0 1 0 0 0 0 0 0 0 0 
460990000000072     1630504016351996 0 1 0 0 0 0 0 0 0 0 
460990000000010     1630504016352060 0 0 1 0 0 0 0 0 0 0 
460990000000072     1630504016352068 0 0 1 0 0 0 0 0 0 0 
460990000000091     1630504016352155 0 0 1 0 0 0 0 0 0 0 
460990000000009     1630504016352361	1	0	0	0	0	0	0	0	0	0	
460990000000050     1630504016352491	1	0	0	0	0	0	0	0	0	0	
460990000000009     1630504016352501 0 1 0 0 0 0 0 0 0 0 
460990000000023     1630504016352539	1	0	0	0	0	0	0	0	0	0	
460990000000050     1630504016352753 0 1 0 0 0 0 0 0 0 0 
460990000000050     1630504016352853 0 0 1 0 0 0 0 0 0 0 
460990000000018     1630504016352871 0 1 0 0 0 0 0 0 0 0 
460990000000061     1630504016353065	1	0	0	0	0	0	0	0	0	0	
460990000000018     1630504016353101 0 0 1 0 0 0 0 0 0 0 
460990000000009     1630504016353407 0 0 1 0 0 0 0 0 0 0 
460990000000052     1630504016354044	1	0	0	0	0	0	0	0	0	0	
460990000000052     1630504016354699 0 1 0 0 0 0 0 0 0 0 
460990000000052     1630504016355987 0 0 1 0 0 0 0 0 0 0 
460990000000074     1630504016356761	1	0	0	0	0	0	0	0	0	0	
460990000000061     1630504016357293 0 1 0 0 0 0 0 0 0 0 
460990000000061     1630504016357375 0 0 1 0 0 0 0 0 0 0 
460990000000044     1630504016352462	1	0	0	0	0	0	0	0	0	0	
460990000000044     1630504016358011 0 1 0 0 0 0 0 0 0 0 
460990000000044     1630504016358125 0 0 1 0 0 0 0 0 0 0 
460990000000023     1630504016358789 0 1 0 0 0 0 0 0 0 0 
460990000000023     1630504016358902 0 0 1 0 0 0 0 0 0 0 
460990000000074     1630504016359038 0 1 0 0 0 0 0 0 0 0 
460990000000074     1630504016359229 0 0 1 0 0 0 0 0 0 0 
460990000000060     1630504016360071	1	0	0	0	0	0	0	0	0	0	
460990000000013     1630504016360188	1	0	0	0	0	0	0	0	0	0	
460990000000068     1630504016360362	1	0	0	0	0	0	0	0	0	0	
460990000000065     1630504016361066	1	0	0	0	0	0	0	0	0	0	
460990000000039     1630504016361681	1	0	0	0	0	0	0	0	0	0	
460990000000039     1630504016361787 0 1 0 0 0 0 0 0 0 0 
460990000000039     1630504016361881 0 0 1 0 0 0 0 0 0 0 
460990000000020     1630504016362657	1	0	0	0	0	0	0	0	0	0	
460990000000065     1630504016362680 0 1 0 0 0 0 0 0 0 0 
460990000000020     1630504016362739 0 1 0 0 0 0 0 0 0 0 
460990000000020     1630504016362832 0 0 1 0 0 0 0 0 0 0 
460990000000042     1630504016362886	1	0	0	0	0	0	0	0	0	0	
460990000000013     1630504016363357 0 1 0 0 0 0 0 0 0 0 
460990000000013     1630504016363451 0 0 1 0 0 0 0 0 0 0 
460990000000065     1630504016363480 0 0 1 0 0 0 0 0 0 0 
460990000000066     1630504016363775 0 1 0 0 0 0 0 0 0 0 
460990000000008     1630504016363853	1	0	0	0	0	0	0	0	0	0	
460990000000008     1630504016363934 0 1 0 0 0 0 0 0 0 0 
460990000000066     1630504016363888 0 0 1 0 0 0 0 0 0 0 
460990000000008     1630504016364015 0 0 1 0 0 0 0 0 0 0 
460990000000073     1630504016364035	1	0	0	0	0	0	0	0	0	0	
460990000000073     1630504016364098 0 1 0 0 0 0 0 0 0 0 
460990000000022     1630504016364113	1	0	0	0	0	0	0	0	0	0	
460990000000073     1630504016364172 0 0 1 0 0 0 0 0 0 0 
460990000000021     1630504016364246 0 1 0 0 0 0 0 0 0 0 
460990000000022     1630504016364256 0 1 0 0 0 0 0 0 0 0 
460990000000021     1630504016364339 0 0 1 0 0 0 0 0 0 0 
460990000000022     1630504016364330 0 0 1 0 0 0 0 0 0 0 
460990000000055     1630504016364711	1	0	0	0	0	0	0	0	0	0	
460990000000055     1630504016364784 0 1 0 0 0 0 0 0 0 0 
460990000000055     1630504016364855 0 0 1 0 0 0 0 0 0 0 
460990000000060     1630504016364875 0 1 0 0 0 0 0 0 0 0 
460990000000059     1630504016364948	1	0	0	0	0	0	0	0	0	0	
460990000000016     1630504016365023	1	0	0	0	0	0	0	0	0	0	
460990000000059     1630504016365049 0 1 0 0 0 0 0 0 0 0 
460990000000016     1630504016365174 0 1 0 0 0 0 0 0 0 0 
460990000000059     1630504016365249 0 0 1 0 0 0 0 0 0 0 
460990000000016     1630504016365308 0 0 1 0 0 0 0 0 0 0 
460990000000037     1630504016365322	1	0	0	0	0	0	0	0	0	0	
460990000000096     1630504016365497	1	0	0	0	0	0	0	0	0	0	
460990000000068     1630504016365838 0 1 0 0 0 0 0 0 0 0 
460990000000060     1630504016365329 0 0 1 0 0 0 0 0 0 0 
460990000000068     1630504016366329 0 0 1 0 0 0 0 0 0 0 
460990000000096     1630504016369046 0 1 0 0 0 0 0 0 0 0 
460990000000096     1630504016369389 0 0 1 0 0 0 0 0 0 0 
460990000000056     1630504016369510	1	0	0	0	0	0	0	0	0	0	
460990000000077     1630504016369587	1	0	0	0	0	0	0	0	0	0	
460990000000056     1630504016369858 0 1 0 0 0 0 0 0 0 0 
460990000000011     1630504016369987	1	0	0	0	0	0	0	0	0	0	
460990000000011     1630504016370102 0 1 0 0 0 0 0 0 0 0 
460990000000012     1630504016370098	1	0	0	0	0	0	0	0	0	0	
460990000000011     1630504016370175 0 0 1 0 0 0 0 0 0 0 
460990000000031     1630504016370177	1	0	0	0	0	0	0	0	0	0	
460990000000031     1630504016370266 0 1 0 0 0 0 0 0 0 0 
460990000000012     1630504016370314 0 1 0 0 0 0 0 0 0 0 
460990000000031     1630504016370355 0 0 1 0 0 0 0 0 0 0 
460990000000012     1630504016370405 0 0 1 0 0 0 0 0 0 0 
460990000000041     1630504016370405	1	0	0	0	0	0	0	0	0	0	
460990000000053     1630504016370486	1	0	0	0	0	0	0	0	0	0	
460990000000041     1630504016370521 0 1 0 0 0 0 0 0 0 0 
460990000000048     1630504016370614	1	0	0	0	0	0	0	0	0	0	
460990000000053     1630504016370694 0 1 0 0 0 0 0 0 0 0 
460990000000037     1630504016370708 0 1 0 0 0 0 0 0 0 0 
460990000000037     1630504016370823 0 0 1 0 0 0 0 0 0 0 
460990000000048     1630504016370918 0 1 0 0 0 0 0 0 0 0 
460990000000041     1630504016370803 0 0 1 0 0 0 0 0 0 0 
460990000000028     1630504016370963	1	0	0	0	0	0	0	0	0	0	
460990000000053     1630504016370922 0 0 1 0 0 0 0 0 0 0 
460990000000028     1630504016371100 0 1 0 0 0 0 0 0 0 0 
460990000000048     1630504016371234 0 0 1 0 0 0 0 0 0 0 
460990000000063     1630504016371302	1	0	0	0	0	0	0	0	0	0	
460990000000075     1630504016371411	1	0	0	0	0	0	0	0	0	0	
460990000000028     1630504016371430 0 0 1 0 0 0 0 0 0 0 
460990000000063     1630504016371530 0 1 0 0 0 0 0 0 0 0 
460990000000063     1630504016371632 0 0 1 0 0 0 0 0 0 0 
460990000000056     1630504016371683 0 0 1 0 0 0 0 0 0 0 
460990000000077     1630504016371868 0 1 0 0 0 0 0 0 0 0 
460990000000047     1630504016371963	1	0	0	0	0	0	0	0	0	0	
460990000000077     1630504016371978 0 0 1 0 0 0 0 0 0 0 
460990000000042     1630504016371942 0 1 0 0 0 0 0 0 0 0 
460990000000095     1630504016372102	1	0	0	0	0	0	0	0	0	0	
460990000000095     1630504016372443 0 1 0 0 0 0 0 0 0 0 
460990000000015     1630504016372445	1	0	0	0	0	0	0	0	0	0	
460990000000042     1630504016372521 0 0 1 0 0 0 0 0 0 0 
460990000000015     1630504016372571 0 1 0 0 0 0 0 0 0 0 
460990000000062     1630504016372659	1	0	0	0	0	0	0	0	0	0	
460990000000062     1630504016372750 0 1 0 0 0 0 0 0 0 0 
460990000000062     1630504016372829 0 0 1 0 0 0 0 0 0 0 
460990000000095     1630504016372903 0 0 1 0 0 0 0 0 0 0 
460990000000047     1630504016372967 0 1 0 0 0 0 0 0 0 0 
460990000000015     1630504016372932 0 0 1 0 0 0 0 0 0 0 
460990000000075     1630504016373012 0 1 0 0 0 0 0 0 0 0 
460990000000051     1630504016373082	1	0	0	0	0	0	0	0	0	0	
460990000000075     1630504016373205 0 0 1 0 0 0 0 0 0 0 
460990000000051     1630504016374412 0 1 0 0 0 0 0 0 0 0 
460990000000047     1630504016375850 0 0 1 0 0 0 0 0 0 0 
460990000000026     1630504016376521 0 0 0 1 0 0 0 0 0 0 
460990000000051     1630504016376558 0 0 1 0 0 0 0 0 0 0 
460990000000064     1630504016377417	1	0	0	0	0	0	0	0	0	0	
460990000000064     1630504016379332 0 1 0 0 0 0 0 0 0 0 
460990000000064     1630504016379663 0 0 1 0 0 0 0 0 0 0 
460990000000002     1630504016387086 0 0 0 1 0 0 0 0 0 0 
460990000000001     1630504016396195 0 0 0 1 0 0 0 0 0 0 
460990000000014     1630504016402005 0 0 0 1 0 0 0 0 0 0 
460990000000019     1630504016408892 0 0 0 1 0 0 0 0 0 0 
460990000000033     1630504016426194 0 0 0 1 0 0 0 0 0 0 
460990000000029     1630504016434422 0 0 0 1 0 0 0 0 0 0 
460990000000007     1630504016469828 0 0 0 1 0 0 0 0 0 0 
460990000000076     1630504016469838 0 0 0 1 0 0 0 0 0 0 
460990000000010     1630504016472538 0 0 0 1 0 0 0 0 0 0 
460990000000067     1630504016472624 0 0 0 1 0 0 0 0 0 0 
460990000000091     1630504016472785 0 0 0 1 0 0 0 0 0 0 
460990000000072     1630504016475102 0 0 0 1 0 0 0 0 0 0 
460990000000009     1630504016475508 0 0 0 1 0 0 0 0 0 0 
460990000000018     1630504016475702 0 0 0 1 0 0 0 0 0 0 
460990000000050     1630504016496021 0 0 0 1 0 0 0 0 0 0 
460990000000061     1630504016496006 0 0 0 1 0 0 0 0 0 0 
460990000000044     1630504016496458 0 0 0 1 0 0 0 0 0 0 
460990000000052     1630504016496699 0 0 0 1 0 0 0 0 0 0 
460990000000023     1630504016498930 0 0 0 1 0 0 0 0 0 0 
460990000000013     1630504016516934 0 0 0 1 0 0 0 0 0 0 
460990000000055     1630504016516977 0 0 0 1 0 0 0 0 0 0 
460990000000021     1630504016517017 0 0 0 1 0 0 0 0 0 0 
460990000000066     1630504016517324 0 0 0 1 0 0 0 0 0 0 
460990000000022     1630504016517415 0 0 0 1 0 0 0 0 0 0 
460990000000039     1630504016518270 0 0 0 1 0 0 0 0 0 0 
460990000000008     1630504016518167 0 0 0 1 0 0 0 0 0 0 
460990000000059     1630504016523383 0 0 0 1 0 0 0 0 0 0 
460990000000037     1630504016523510 0 0 0 1 0 0 0 0 0 0 
460990000000053     1630504016523624 0 0 0 1 0 0 0 0 0 0 
460990000000031     1630504016523655 0 0 0 1 0 0 0 0 0 0 
460990000000011     1630504016523711 0 0 0 1 0 0 0 0 0 0 
460990000000042     1630504016523740 0 0 0 1 0 0 0 0 0 0 
460990000000012     1630504016523820 0 0 0 1 0 0 0 0 0 0 
460990000000028     1630504016523965 0 0 0 1 0 0 0 0 0 0 
460990000000056     1630504016523981 0 0 0 1 0 0 0 0 0 0 
460990000000016     1630504016524066 0 0 0 1 0 0 0 0 0 0 
460990000000074     1630504016524202 0 0 0 1 0 0 0 0 0 0 
460990000000096     1630504016524475 0 0 0 1 0 0 0 0 0 0 
460990000000020     1630504016524457 0 0 0 1 0 0 0 0 0 0 
460990000000073     1630504016524671 0 0 0 1 0 0 0 0 0 0 
460990000000065     1630504016524766 0 0 0 1 0 0 0 0 0 0 
460990000000048     1630504016524783 0 0 0 1 0 0 0 0 0 0 
460990000000041     1630504016525072 0 0 0 1 0 0 0 0 0 0 
460990000000077     1630504016525088 0 0 0 1 0 0 0 0 0 0 
460990000000068     1630504016525185 0 0 0 1 0 0 0 0 0 0 
460990000000063     1630504016525261 0 0 0 1 0 0 0 0 0 0 
460990000000060     1630504016525397 0 0 0 1 0 0 0 0 0 0 
460990000000095     1630504016527324 0 0 0 1 0 0 0 0 0 0 
460990000000064     1630504016527625 0 0 0 1 0 0 0 0 0 0 
460990000000100     1630504016527661 0 0 0 0 1 0 0 0 0 0 
460990000000047     1630504016527728 0 0 0 1 0 0 0 0 0 0 
460990000000075     1630504016528267 0 0 0 1 0 0 0 0 0 0 
460990000000062     1630504016528313 0 0 0 1 0 0 0 0 0 0 
460990000000015     1630504016528497 0 0 0 1 0 0 0 0 0 0 
460990000000051     1630504016528544 0 0 0 1 0 0 0 0 0 0 
460990000000099     1630504016543066 0 0 0 0 1 0 0 0 0 0 
460990000000098     1630504016615983 0 0 0 0 1 0 0 0 0 0 
460990000000097     1630504016679039 0 0 0 0 1 0 0 0 0 0 
460990000000094     1630504016749903 0 0 0 0 1 0 0 0 0 0 
460990000000090     1630504016830458 0 0 0 0 1 0 0 0 0 0 
460990000000093     1630504016936860 0 0 0 0 1 0 0 0 0 0 
460990000000092     1630504017040050 0 0 0 0 1 0 0 0 0 0 
460990000000089     1630504017440687 0 0 0 0 1 0 0 0 0 0 
460990000000085     1630504017505279 0 0 0 0 1 0 0 0 0 0 
460990000000087     1630504017591476 0 0 0 0 1 0 0 0 0 0 
460990000000079     1630504017647647 0 0 0 0 1 0 0 0 0 0 
460990000000081     1630504017698203 0 0 0 0 1 0 0 0 0 0 
460990000000086     1630504017755168 0 0 0 0 1 0 0 0 0 0 
460990000000084     1630504017806029 0 0 0 0 1 0 0 0 0 0 
460990000000036     1630504017875994 0 0 0 0 1 0 0 0 0 0 
460990000000025     1630504017925179 0 0 0 0 1 0 0 0 0 0 
460990000000088     1630504018393843 0 0 0 0 1 0 0 0 0 0 
460990000000034     1630504018471992 0 0 0 0 1 0 0 0 0 0 
460990000000080     1630504018582972 0 0 0 0 1 0 0 0 0 0 
460990000000005     1630504018659783 0 0 0 0 1 0 0 0 0 0 
460990000000035     1630504018727730 0 0 0 0 1 0 0 0 0 0 
460990000000083     1630504018804023 0 0 0 0 1 0 0 0 0 0 
460990000000040     1630504018819094	1	0	0	0	0	0	0	0	0	0	
460990000000040     1630504018820373 0 1 0 0 0 0 0 0 0 0 
460990000000040     1630504018820478 0 0 1 0 0 0 0 0 0 0 
460990000000040     1630504018821876 0 0 0 1 0 0 0 0 0 0 
460990000000038     1630504018841124	1	0	0	0	0	0	0	0	0	0	
460990000000038     1630504018841954 0 1 0 0 0 0 0 0 0 0 
460990000000038     1630504018842036 0 0 1 0 0 0 0 0 0 0 
460990000000038     1630504018842546 0 0 0 1 0 0 0 0 0 0 
460990000000058     1630504018843100	1	0	0	0	0	0	0	0	0	0	
460990000000003     1630504018843128	1	0	0	0	0	0	0	0	0	0	
460990000000058     1630504018843189 0 1 0 0 0 0 0 0 0 0 
460990000000003     1630504018843235 0 1 0 0 0 0 0 0 0 0 
460990000000058     1630504018843274 0 0 1 0 0 0 0 0 0 0 
460990000000003     1630504018843320 0 0 1 0 0 0 0 0 0 0 
460990000000058     1630504018843697 0 0 0 1 0 0 0 0 0 0 
460990000000003     1630504018844088 0 0 0 1 0 0 0 0 0 0 
460990000000043     1630504018844138	1	0	0	0	0	0	0	0	0	0	
460990000000043     1630504018844241 0 1 0 0 0 0 0 0 0 0 
460990000000043     1630504018844322 0 0 1 0 0 0 0 0 0 0 
460990000000043     1630504018844662 0 0 0 1 0 0 0 0 0 0 
460990000000045     1630504018845093	1	0	0	0	0	0	0	0	0	0	
460990000000045     1630504018845179 0 1 0 0 0 0 0 0 0 0 
460990000000045     1630504018845268 0 0 1 0 0 0 0 0 0 0 
460990000000045     1630504018845686 0 0 0 1 0 0 0 0 0 0 
460990000000049     1630504018846085	1	0	0	0	0	0	0	0	0	0	
460990000000054     1630504018846373	1	0	0	0	0	0	0	0	0	0	
460990000000078     1630504018847077	1	0	0	0	0	0	0	0	0	0	
460990000000078     1630504018847149 0 1 0 0 0 0 0 0 0 0 
460990000000078     1630504018847220 0 0 1 0 0 0 0 0 0 0 
460990000000078     1630504018847566 0 0 0 1 0 0 0 0 0 0 
460990000000071     1630504018850088	1	0	0	0	0	0	0	0	0	0	
460990000000049     1630504018852986 0 1 0 0 0 0 0 0 0 0 
460990000000049     1630504018853100 0 0 1 0 0 0 0 0 0 0 
460990000000049     1630504018853434 0 0 0 1 0 0 0 0 0 0 
460990000000054     1630504018853945 0 1 0 0 0 0 0 0 0 0 
460990000000054     1630504018854294 0 0 1 0 0 0 0 0 0 0 
460990000000054     1630504018854743 0 0 0 1 0 0 0 0 0 0 
460990000000070     1630504018854793	1	0	0	0	0	0	0	0	0	0	
460990000000069     1630504018854806	1	0	0	0	0	0	0	0	0	0	
460990000000069     1630504018854876 0 1 0 0 0 0 0 0 0 0 
460990000000070     1630504018854883 0 1 0 0 0 0 0 0 0 0 
460990000000071     1630504018854964 0 1 0 0 0 0 0 0 0 0 
460990000000071     1630504018855042 0 0 1 0 0 0 0 0 0 0 
460990000000069     1630504018854956 0 0 1 0 0 0 0 0 0 0 
460990000000070     1630504018855013 0 0 1 0 0 0 0 0 0 0 
460990000000069     1630504018855515 0 0 0 1 0 0 0 0 0 0 
460990000000070     1630504018855675 0 0 0 1 0 0 0 0 0 0 
460990000000071     1630504018855750 0 0 0 1 0 0 0 0 0 0 
460990000000030     1630504018881736 0 0 0 0 1 0 0 0 0 0 
460990000000024     1630504018957440 0 0 0 0 1 0 0 0 0 0 
460990000000017     1630504019038585 0 0 0 0 1 0 0 0 0 0 
460990000000046     1630504019527649 0 0 0 0 1 0 0 0 0 0 
460990000000057     1630504019632007 0 0 0 0 1 0 0 0 0 0 
460990000000027     1630504019705849 0 0 0 0 1 0 0 0 0 0 
460990000000082     1630504019775565 0 0 0 0 1 0 0 0 0 0 
460990000000032     1630504019835629 0 0 0 0 1 0 0 0 0 0 
460990000000006     1630504019915943 0 0 0 0 1 0 0 0 0 0 
460990000000004     1630504019991147 0 0 0 0 1 0 0 0 0 0 
460990000000026     1630504020068016 0 0 0 0 1 0 0 0 0 0 
460990000000002     1630504020122052 0 0 0 0 1 0 0 0 0 0 
460990000000001     1630504020196457 0 0 0 0 1 0 0 0 0 0 
460990000000014     1630504020590078 0 0 0 0 1 0 0 0 0 0 
460990000000019     1630504020696511 0 0 0 0 1 0 0 0 0 0 
460990000000033     1630504020765120 0 0 0 0 1 0 0 0 0 0 
460990000000029     1630504020873143 0 0 0 0 1 0 0 0 0 0 
460990000000007     1630504020962908 0 0 0 0 1 0 0 0 0 0 
460990000000076     1630504021058376 0 0 0 0 1 0 0 0 0 0 
460990000000010     1630504021128599 0 0 0 0 1 0 0 0 0 0 
460990000000067     1630504021201789 0 0 0 0 1 0 0 0 0 0 
460990000000091     1630504021753077 0 0 0 0 1 0 0 0 0 0 
460990000000072     1630504021818100 0 0 0 0 1 0 0 0 0 0 
460990000000009     1630504021874407 0 0 0 0 1 0 0 0 0 0 
460990000000018     1630504021971667 0 0 0 0 1 0 0 0 0 0 
460990000000050     1630504022031991 0 0 0 0 1 0 0 0 0 0 
460990000000061     1630504022128577 0 0 0 0 1 0 0 0 0 0 
460990000000044     1630504022220795 0 0 0 0 1 0 0 0 0 0 
460990000000052     1630504022280605 0 0 0 0 1 0 0 0 0 0 
460990000000023     1630504022774652 0 0 0 0 1 0 0 0 0 0 
460990000000055     1630504022896862 0 0 0 0 1 0 0 0 0 0 
460990000000013     1630504022974952 0 0 0 0 1 0 0 0 0 0 
460990000000021     1630504023051313 0 0 0 0 1 0 0 0 0 0 
460990000000022     1630504023146183 0 0 0 0 1 0 0 0 0 0 
460990000000066     1630504023226898 0 0 0 0 1 0 0 0 0 0 
460990000000008     1630504023348675 0 0 0 0 1 0 0 0 0 0 
460990000000039     1630504023859851 0 0 0 0 1 0 0 0 0 0 
460990000000059     1630504023959219 0 0 0 0 1 0 0 0 0 0 
460990000000037     1630504024045350 0 0 0 0 1 0 0 0 0 0 
460990000000042     1630504024157720 0 0 0 0 1 0 0 0 0 0 
460990000000031     1630504024267767 0 0 0 0 1 0 0 0 0 0 
460990000000011     1630504024771576 0 0 0 0 1 0 0 0 0 0 
460990000000012     1630504024866488 0 0 0 0 1 0 0 0 0 0 
460990000000053     1630504024950871 0 0 0 0 1 0 0 0 0 0 
460990000000056     1630504025144586 0 0 0 0 1 0 0 0 0 0 
460990000000028     1630504025211366 0 0 0 0 1 0 0 0 0 0 
460990000000074     1630504025263098 0 0 0 0 1 0 0 0 0 0 
460990000000016     1630504025338988 0 0 0 0 1 0 0 0 0 0 
460990000000096     1630504025425776 0 0 0 0 1 0 0 0 0 0 
460990000000073     1630504025897908 0 0 0 0 1 0 0 0 0 0 
460990000000048     1630504026007349 0 0 0 0 1 0 0 0 0 0 
460990000000020     1630504026237310 0 0 0 0 1 0 0 0 0 0 
460990000000065     1630504026318080 0 0 0 0 1 0 0 0 0 0 
460990000000077     1630504026424978 0 0 0 0 1 0 0 0 0 0 
460990000000041     1630504026509820 0 0 0 0 1 0 0 0 0 0 
460990000000068     1630504026922421 0 0 0 0 1 0 0 0 0 0 
460990000000063     1630504027023176 0 0 0 0 1 0 0 0 0 0 
460990000000095     1630504027245905 0 0 0 0 1 0 0 0 0 0 
460990000000060     1630504027331213 0 0 0 0 1 0 0 0 0 0 
460990000000047     1630504027406542 0 0 0 0 1 0 0 0 0 0 
460990000000064     1630504027475739 0 0 0 0 1 0 0 0 0 0 
460990000000100     1630504028057125 0 0 0 0 0 1 0 0 0 0 
460990000000075     1630504028259026 0 0 0 0 1 0 0 0 0 0 
460990000000051     1630504028322844 0 0 0 0 1 0 0 0 0 0 
460990000000015     1630504028405874 0 0 0 0 1 0 0 0 0 0 
460990000000062     1630504028454975 0 0 0 0 1 0 0 0 0 0 
460990000000099     1630504028578088 0 0 0 0 0 1 0 0 0 0 
460990000000098     1630504029029978 0 0 0 0 0 1 0 0 0 0 
460990000000097     1630504029126782 0 0 0 0 0 1 0 0 0 0 
460990000000094     1630504029332102 0 0 0 0 0 1 0 0 0 0 
460990000000090     1630504029444632 0 0 0 0 0 1 0 0 0 0 
460990000000093     1630504029591724 0 0 0 0 0 1 0 0 0 0 
460990000000092     1630504030012160 0 0 0 0 0 1 0 0 0 0 
460990000000089     1630504030091341 0 0 0 0 0 1 0 0 0 0 
460990000000085     1630504030181682 0 0 0 0 0 1 0 0 0 0 
460990000000087     1630504030397897 0 0 0 0 0 1 0 0 0 0 
460990000000079     1630504030485089 0 0 0 0 0 1 0 0 0 0 
460990000000081     1630504030613188 0 0 0 0 0 1 0 0 0 0 
460990000000086     1630504031021860 0 0 0 0 0 1 0 0 0 0 
460990000000084     1630504031147444 0 0 0 0 0 1 0 0 0 0 
460990000000036     1630504031370657 0 0 0 0 0 1 0 0 0 0 
460990000000025     1630504031449819 0 0 0 0 0 1 0 0 0 0 
460990000000088     1630504031573571 0 0 0 0 0 1 0 0 0 0 
460990000000034     1630504031644582 0 0 0 0 0 1 0 0 0 0 
460990000000080     1630504032069215 0 0 0 0 0 1 0 0 0 0 
460990000000005     1630504032169181 0 0 0 0 0 1 0 0 0 0 
460990000000035     1630504032283501 0 0 0 0 0 1 0 0 0 0 
460990000000083     1630504032360612 0 0 0 0 0 1 0 0 0 0 
460990000000040     1630504032407312 0 0 0 0 1 0 0 0 0 0 
460990000000038     1630504032466845 0 0 0 0 1 0 0 0 0 0 
460990000000058     1630504032532985 0 0 0 0 1 0 0 0 0 0 
460990000000003     1630504032577472 0 0 0 0 1 0 0 0 0 0 
460990000000043     1630504032649889 0 0 0 0 1 0 0 0 0 0 
460990000000045     1630504033115263 0 0 0 0 1 0 0 0 0 0 
460990000000078     1630504033172074 0 0 0 0 1 0 0 0 0 0 
460990000000049     1630504033251380 0 0 0 0 1 0 0 0 0 0 
460990000000054     1630504033293783 0 0 0 0 1 0 0 0 0 0 
460990000000069     1630504033360777 0 0 0 0 1 0 0 0 0 0 
460990000000071     1630504033516753 0 0 0 0 1 0 0 0 0 0 
460990000000070     1630504033583636 0 0 0 0 1 0 0 0 0 0 
460990000000030     1630504033710185 0 0 0 0 0 1 0 0 0 0 
460990000000024     1630504034248202 0 0 0 0 0 1 0 0 0 0 
460990000000017     1630504034385304 0 0 0 0 0 1 0 0 0 0 
460990000000046     1630504034599005 0 0 0 0 0 1 0 0 0 0 
460990000000057     1630504034698690 0 0 0 0 0 1 0 0 0 0 
460990000000027     1630504034805785 0 0 0 0 0 1 0 0 0 0 
460990000000082     1630504035322913 0 0 0 0 0 1 0 0 0 0 
460990000000032     1630504035527438 0 0 0 0 0 1 0 0 0 0 
460990000000006     1630504035731888 0 0 0 0 0 1 0 0 0 0 
460990000000004     1630504035919673 0 0 0 0 0 1 0 0 0 0 
460990000000026     1630504036425891 0 0 0 0 0 1 0 0 0 0 
460990000000002     1630504036644507 0 0 0 0 0 1 0 0 0 0 
460990000000001     1630504036844623 0 0 0 0 0 1 0 0 0 0 
460990000000014     1630504037043115 0 0 0 0 0 1 0 0 0 0 
460990000000019     1630504037568021 0 0 0 0 0 1 0 0 0 0 
460990000000033     1630504037775415 0 0 0 0 0 1 0 0 0 0 
460990000000029     1630504037981573 0 0 0 0 0 1 0 0 0 0 
460990000000007     1630504038393543 0 0 0 0 0 1 0 0 0 0 
460990000000076     1630504038620212 0 0 0 0 0 1 0 0 0 0 
460990000000010     1630504038845753 0 0 0 0 0 1 0 0 0 0 
460990000000067     1630504039045214 0 0 0 0 0 1 0 0 0 0 
460990000000091     1630504039443714 0 0 0 0 0 1 0 0 0 0 
460990000000072     1630504039655696 0 0 0 0 0 1 0 0 0 0 
460990000000009     1630504039876600 0 0 0 0 0 1 0 0 0 0 
460990000000018     1630504040361647 0 0 0 0 0 1 0 0 0 0 
460990000000050     1630504040540958 0 0 0 0 0 1 0 0 0 0 
460990000000061     1630504040731806 0 0 0 0 0 1 0 0 0 0 
460990000000044     1630504040917769 0 0 0 0 0 1 0 0 0 0 
460990000000052     1630504041404826 0 0 0 0 0 1 0 0 0 0 
460990000000023     1630504041615304 0 0 0 0 0 1 0 0 0 0 
460990000000055     1630504041817894 0 0 0 0 0 1 0 0 0 0 
460990000000013     1630504042010392 0 0 0 0 0 1 0 0 0 0 
460990000000021     1630504042490672 0 0 0 0 0 1 0 0 0 0 
460990000000022     1630504042704328 0 0 0 0 0 1 0 0 0 0 
460990000000066     1630504042911803 0 0 0 0 0 1 0 0 0 0 
460990000000008     1630504043138981 0 0 0 0 0 1 0 0 0 0 
460990000000039     1630504043554705 0 0 0 0 0 1 0 0 0 0 
460990000000059     1630504043757032 0 0 0 0 0 1 0 0 0 0 
460990000000037     1630504043961504 0 0 0 0 0 1 0 0 0 0 
460990000000042     1630504044188207 0 0 0 0 0 1 0 0 0 0 
460990000000031     1630504044619137 0 0 0 0 0 1 0 0 0 0 
460990000000011     1630504044806194 0 0 0 0 0 1 0 0 0 0 
460990000000012     1630504044988205 0 0 0 0 0 1 0 0 0 0 
460990000000053     1630504045199548 0 0 0 0 0 1 0 0 0 0 
460990000000056     1630504045692020 0 0 0 0 0 1 0 0 0 0 
460990000000028     1630504045867280 0 0 0 0 0 1 0 0 0 0 
460990000000074     1630504046044820 0 0 0 0 0 1 0 0 0 0 
460990000000016     1630504046244986 0 0 0 0 0 1 0 0 0 0 
460990000000096     1630504046744229 0 0 0 0 0 1 0 0 0 0 
460990000000073     1630504046926119 0 0 0 0 0 1 0 0 0 0 
460990000000048     1630504047104488 0 0 0 0 0 1 0 0 0 0 
460990000000020     1630504047299934 0 0 0 0 0 1 0 0 0 0 
460990000000065     1630504047484739 0 0 0 0 0 1 0 0 0 0 
460990000000077     1630504047985597 0 0 0 0 0 1 0 0 0 0 
460990000000041     1630504048192868 0 0 0 0 0 1 0 0 0 0 
460990000000068     1630504048416691 0 0 0 0 0 1 0 0 0 0 
460990000000063     1630504048838724 0 0 0 0 0 1 0 0 0 0 
460990000000095     1630504049033171 0 0 0 0 0 1 0 0 0 0 
460990000000060     1630504049328138 0 0 0 0 0 1 0 0 0 0 
460990000000047     1630504049505568 0 0 0 0 0 1 0 0 0 0 
460990000000064     1630504049923491 0 0 0 0 0 1 0 0 0 0 
460990000000100     1630504050115671 0 0 0 0 0 0 1 0 0 0 
460990000000100     1630504050115877 0 0 0 0 0 0 0 1 0 0 
460990000000075     1630504050282468 0 0 0 0 0 1 0 0 0 0 
460990000000051     1630504050608582 0 0 0 0 0 1 0 0 0 0 
460990000000015     1630504051052833 0 0 0 0 0 1 0 0 0 0 
460990000000062     1630504051234640 0 0 0 0 0 1 0 0 0 0 
460990000000099     1630504051537131 0 0 0 0 0 0 1 0 0 0 
460990000000099     1630504051537407 0 0 0 0 0 0 0 1 0 0 
460990000000098     1630504051728286 0 0 0 0 0 0 1 0 0 0 
460990000000098     1630504051728583 0 0 0 0 0 0 0 1 0 0 
460990000000097     1630504052147720 0 0 0 0 0 0 1 0 0 0 
460990000000097     1630504052148026 0 0 0 0 0 0 0 1 0 0 
460990000000094     1630504052372660 0 0 0 0 0 0 1 0 0 0 
460990000000094     1630504052372865 0 0 0 0 0 0 0 1 0 0 
460990000000090     1630504052783629 0 0 0 0 0 0 1 0 0 0 
460990000000090     1630504052783831 0 0 0 0 0 0 0 1 0 0 
460990000000093     1630504053209303 0 0 0 0 0 0 1 0 0 0 
460990000000093     1630504053209584 0 0 0 0 0 0 0 1 0 0 
460990000000092     1630504053386448 0 0 0 0 0 0 1 0 0 0 
460990000000092     1630504053386656 0 0 0 0 0 0 0 1 0 0 
460990000000089     1630504053818703 0 0 0 0 0 0 1 0 0 0 
460990000000089     1630504053819196 0 0 0 0 0 0 0 1 0 0 
460990000000085     1630504054224886 0 0 0 0 0 0 1 0 0 0 
460990000000085     1630504054225102 0 0 0 0 0 0 0 1 0 0 
460990000000087     1630504054455765 0 0 0 0 0 0 1 0 0 0 
460990000000087     1630504054455973 0 0 0 0 0 0 0 1 0 0 
460990000000079     1630504054792428 0 0 0 0 0 0 1 0 0 0 
460990000000079     1630504054792620 0 0 0 0 0 0 0 1 0 0 
460990000000081     1630504055222499 0 0 0 0 0 0 1 0 0 0 
460990000000081     1630504055222688 0 0 0 0 0 0 0 1 0 0 
460990000000086     1630504055532730 0 0 0 0 0 0 1 0 0 0 
460990000000086     1630504055533054 0 0 0 0 0 0 0 1 0 0 
460990000000084     1630504055815507 0 0 0 0 0 0 1 0 0 0 
460990000000084     1630504055815685 0 0 0 0 0 0 0 1 0 0 
460990000000036     1630504056004530 0 0 0 0 0 0 1 0 0 0 
460990000000036     1630504056004732 0 0 0 0 0 0 0 1 0 0 
460990000000025     1630504056548178 0 0 0 0 0 0 1 0 0 0 
460990000000025     1630504056548388 0 0 0 0 0 0 0 1 0 0 
460990000000088     1630504056752157 0 0 0 0 0 0 1 0 0 0 
460990000000088     1630504056752497 0 0 0 0 0 0 0 1 0 0 
460990000000034     1630504057335178 0 0 0 0 0 0 1 0 0 0 
460990000000034     1630504057335452 0 0 0 0 0 0 0 1 0 0 
460990000000080     1630504057526874 0 0 0 0 0 0 1 0 0 0 
460990000000080     1630504057527081 0 0 0 0 0 0 0 1 0 0 
460990000000005     1630504057751962 0 0 0 0 0 0 1 0 0 0 
460990000000005     1630504057752157 0 0 0 0 0 0 0 1 0 0 
460990000000035     1630504058406137 0 0 0 0 0 0 1 0 0 0 
460990000000035     1630504058406350 0 0 0 0 0 0 0 1 0 0 
460990000000083     1630504058579709 0 0 0 0 0 0 1 0 0 0 
460990000000083     1630504058579922 0 0 0 0 0 0 0 1 0 0 
460990000000040     1630504058787714 0 0 0 0 0 1 0 0 0 0 
460990000000038     1630504059324730 0 0 0 0 0 1 0 0 0 0 
460990000000058     1630504059540307 0 0 0 0 0 1 0 0 0 0 
460990000000003     1630504059722897 0 0 0 0 0 1 0 0 0 0 
460990000000043     1630504059908983 0 0 0 0 0 1 0 0 0 0 
460990000000045     1630504060405246 0 0 0 0 0 1 0 0 0 0 
460990000000078     1630504060624864 0 0 0 0 0 1 0 0 0 0 
460990000000049     1630504060829746 0 0 0 0 0 1 0 0 0 0 
460990000000054     1630504061035050 0 0 0 0 0 1 0 0 0 0 
460990000000069     1630504061546253 0 0 0 0 0 1 0 0 0 0 
460990000000071     1630504061739128 0 0 0 0 0 1 0 0 0 0 
460990000000070     1630504061935306 0 0 0 0 0 1 0 0 0 0 
460990000000030     1630504062142226 0 0 0 0 0 0 1 0 0 0 
460990000000030     1630504062142429 0 0 0 0 0 0 0 1 0 0 
460990000000024     1630504062660543 0 0 0 0 0 0 1 0 0 0 
460990000000024     1630504062660886 0 0 0 0 0 0 0 1 0 0 
460990000000017     1630504062854681 0 0 0 0 0 0 1 0 0 0 
460990000000017     1630504062854905 0 0 0 0 0 0 0 1 0 0 
460990000000046     1630504063052895 0 0 0 0 0 0 1 0 0 0 
460990000000046     1630504063053107 0 0 0 0 0 0 0 1 0 0 
460990000000057     1630504063606998 0 0 0 0 0 0 1 0 0 0 
460990000000057     1630504063607236 0 0 0 0 0 0 0 1 0 0 
460990000000027     1630504063957105 0 0 0 0 0 0 1 0 0 0 
460990000000027     1630504063957319 0 0 0 0 0 0 0 1 0 0 
460990000000082     1630504064161734 0 0 0 0 0 0 1 0 0 0 
460990000000082     1630504064161991 0 0 0 0 0 0 0 1 0 0 
460990000000032     1630504064607879 0 0 0 0 0 0 1 0 0 0 
460990000000032     1630504064608173 0 0 0 0 0 0 0 1 0 0 
460990000000006     1630504064950181 0 0 0 0 0 0 1 0 0 0 
460990000000006     1630504064950411 0 0 0 0 0 0 0 1 0 0 
460990000000004     1630504065266237 0 0 0 0 0 0 1 0 0 0 
460990000000004     1630504065266493 0 0 0 0 0 0 0 1 0 0 
460990000000026     1630504065589526 0 0 0 0 0 0 1 0 0 0 
460990000000026     1630504065589740 0 0 0 0 0 0 0 1 0 0 
460990000000002     1630504065958738 0 0 0 0 0 0 1 0 0 0 
460990000000002     1630504065958916 0 0 0 0 0 0 0 1 0 0 
460990000000001     1630504066282703 0 0 0 0 0 0 1 0 0 0 
460990000000001     1630504066282930 0 0 0 0 0 0 0 1 0 0 
460990000000014     1630504066610515 0 0 0 0 0 0 1 0 0 0 
460990000000014     1630504066610729 0 0 0 0 0 0 0 1 0 0 
460990000000019     1630504066933455 0 0 0 0 0 0 1 0 0 0 
460990000000019     1630504066933700 0 0 0 0 0 0 0 1 0 0 
460990000000033     1630504067358176 0 0 0 0 0 0 1 0 0 0 
460990000000033     1630504067358450 0 0 0 0 0 0 0 1 0 0 
460990000000029     1630504067565428 0 0 0 0 0 0 1 0 0 0 
460990000000029     1630504067565634 0 0 0 0 0 0 0 1 0 0 
460990000000007     1630504067942865 0 0 0 0 0 0 1 0 0 0 
460990000000007     1630504067943080 0 0 0 0 0 0 0 1 0 0 
460990000000076     1630504068354269 0 0 0 0 0 0 1 0 0 0 
460990000000076     1630504068354544 0 0 0 0 0 0 0 1 0 0 
460990000000010     1630504068670301 0 0 0 0 0 0 1 0 0 0 
460990000000010     1630504068670561 0 0 0 0 0 0 0 1 0 0 
460990000000067     1630504068878869 0 0 0 0 0 0 1 0 0 0 
460990000000067     1630504068879064 0 0 0 0 0 0 0 1 0 0 
460990000000091     1630504069316022 0 0 0 0 0 0 1 0 0 0 
460990000000091     1630504069316216 0 0 0 0 0 0 0 1 0 0 
460990000000072     1630504069690036 0 0 0 0 0 0 1 0 0 0 
460990000000072     1630504069690246 0 0 0 0 0 0 0 1 0 0 
460990000000009     1630504069998884 0 0 0 0 0 0 1 0 0 0 
460990000000009     1630504069999068 0 0 0 0 0 0 0 1 0 0 
460990000000018     1630504070312065 0 0 0 0 0 0 1 0 0 0 
460990000000018     1630504070312249 0 0 0 0 0 0 0 1 0 0 
460990000000050     1630504070669067 0 0 0 0 0 0 1 0 0 0 
460990000000050     1630504070669256 0 0 0 0 0 0 0 1 0 0 
460990000000061     1630504070989647 0 0 0 0 0 0 1 0 0 0 
460990000000061     1630504070989842 0 0 0 0 0 0 0 1 0 0 
460990000000044     1630504071312574 0 0 0 0 0 0 1 0 0 0 
460990000000044     1630504071312755 0 0 0 0 0 0 0 1 0 0 
460990000000052     1630504071648563 0 0 0 0 0 0 1 0 0 0 
460990000000052     1630504071648768 0 0 0 0 0 0 0 1 0 0 
460990000000023     1630504071986313 0 0 0 0 0 0 1 0 0 0 
460990000000023     1630504071986505 0 0 0 0 0 0 0 1 0 0 
460990000000055     1630504072437323 0 0 0 0 0 0 1 0 0 0 
460990000000055     1630504072437582 0 0 0 0 0 0 0 1 0 0 
460990000000013     1630504072619505 0 0 0 0 0 0 1 0 0 0 
460990000000013     1630504072619688 0 0 0 0 0 0 0 1 0 0 
460990000000021     1630504072955325 0 0 0 0 0 0 1 0 0 0 
460990000000021     1630504072955541 0 0 0 0 0 0 0 1 0 0 
460990000000022     1630504073412243 0 0 0 0 0 0 1 0 0 0 
460990000000022     1630504073412456 0 0 0 0 0 0 0 1 0 0 
460990000000066     1630504073603864 0 0 0 0 0 0 1 0 0 0 
460990000000066     1630504073604069 0 0 0 0 0 0 0 1 0 0 
460990000000008     1630504073979946 0 0 0 0 0 0 1 0 0 0 
460990000000008     1630504073980176 0 0 0 0 0 0 0 1 0 0 
460990000000039     1630504074411756 0 0 0 0 0 0 1 0 0 0 
460990000000039     1630504074411984 0 0 0 0 0 0 0 1 0 0 
460990000000059     1630504074733667 0 0 0 0 0 0 1 0 0 0 
460990000000059     1630504074733915 0 0 0 0 0 0 0 1 0 0 
460990000000037     1630504074981468 0 0 0 0 0 0 1 0 0 0 
460990000000037     1630504074981669 0 0 0 0 0 0 0 1 0 0 
460990000000042     1630504075413288 0 0 0 0 0 0 1 0 0 0 
460990000000042     1630504075413470 0 0 0 0 0 0 0 1 0 0 
460990000000031     1630504075787970 0 0 0 0 0 0 1 0 0 0 
460990000000031     1630504075788171 0 0 0 0 0 0 0 1 0 0 
460990000000011     1630504075986514 0 0 0 0 0 0 1 0 0 0 
460990000000011     1630504075986718 0 0 0 0 0 0 0 1 0 0 
460990000000012     1630504076439015 0 0 0 0 0 0 1 0 0 0 
460990000000012     1630504076439238 0 0 0 0 0 0 0 1 0 0 
460990000000053     1630504076770362 0 0 0 0 0 0 1 0 0 0 
460990000000053     1630504076770561 0 0 0 0 0 0 0 1 0 0 
460990000000056     1630504077086349 0 0 0 0 0 0 1 0 0 0 
460990000000056     1630504077086689 0 0 0 0 0 0 0 1 0 0 
460990000000028     1630504077423070 0 0 0 0 0 0 1 0 0 0 
460990000000028     1630504077423351 0 0 0 0 0 0 0 1 0 0 
460990000000074     1630504077845307 0 0 0 0 0 0 1 0 0 0 
460990000000074     1630504077845566 0 0 0 0 0 0 0 1 0 0 
460990000000016     1630504078169835 0 0 0 0 0 0 1 0 0 0 
460990000000016     1630504078170089 0 0 0 0 0 0 0 1 0 0 
460990000000096     1630504078511282 0 0 0 0 0 0 1 0 0 0 
460990000000096     1630504078511559 0 0 0 0 0 0 0 1 0 0 
460990000000073     1630504078874337 0 0 0 0 0 0 1 0 0 0 
460990000000073     1630504078874666 0 0 0 0 0 0 0 1 0 0 
460990000000048     1630504079227280 0 0 0 0 0 0 1 0 0 0 
460990000000048     1630504079227528 0 0 0 0 0 0 0 1 0 0 
460990000000020     1630504079423531 0 0 0 0 0 0 1 0 0 0 
460990000000020     1630504079423780 0 0 0 0 0 0 0 1 0 0 
460990000000065     1630504079860157 0 0 0 0 0 0 1 0 0 0 
460990000000065     1630504079860499 0 0 0 0 0 0 0 1 0 0 
460990000000077     1630504080259686 0 0 0 0 0 0 1 0 0 0 
460990000000077     1630504080259900 0 0 0 0 0 0 0 1 0 0 
460990000000041     1630504080454381 0 0 0 0 0 0 1 0 0 0 
460990000000041     1630504080454659 0 0 0 0 0 0 0 1 0 0 
460990000000068     1630504080817099 0 0 0 0 0 0 1 0 0 0 
460990000000068     1630504080817341 0 0 0 0 0 0 0 1 0 0 
460990000000063     1630504081236967 0 0 0 0 0 0 1 0 0 0 
460990000000063     1630504081237179 0 0 0 0 0 0 0 1 0 0 
460990000000095     1630504081567614 0 0 0 0 0 0 1 0 0 0 
460990000000095     1630504081567829 0 0 0 0 0 0 0 1 0 0 
460990000000060     1630504081916507 0 0 0 0 0 0 1 0 0 0 
460990000000060     1630504081916810 0 0 0 0 0 0 0 1 0 0 
460990000000047     1630504082260863 0 0 0 0 0 0 1 0 0 0 
460990000000047     1630504082261084 0 0 0 0 0 0 0 1 0 0 
460990000000064     1630504082700842 0 0 0 0 0 0 1 0 0 0 
460990000000064     1630504082701135 0 0 0 0 0 0 0 1 0 0 
460990000000100     1630504082921078 0 0 0 0 0 0 0 0 1 0 
460990000000075     1630504083647795 0 0 0 0 0 0 1 0 0 0 
460990000000075     1630504083647995 0 0 0 0 0 0 0 1 0 0 
460990000000051     1630504083848234 0 0 0 0 0 0 1 0 0 0 
460990000000051     1630504083848439 0 0 0 0 0 0 0 1 0 0 
460990000000015     1630504084072346 0 0 0 0 0 0 1 0 0 0 
460990000000015     1630504084072558 0 0 0 0 0 0 0 1 0 0 
460990000000062     1630504084718222 0 0 0 0 0 0 1 0 0 0 
460990000000062     1630504084718413 0 0 0 0 0 0 0 1 0 0 
460990000000099     1630504084907753 0 0 0 0 0 0 0 0 1 0 
460990000000098     1630504085595087 0 0 0 0 0 0 0 0 1 0 
460990000000097     1630504085958230 0 0 0 0 0 0 0 0 1 0 
460990000000094     1630504086298676 0 0 0 0 0 0 0 0 1 0 
460990000000090     1630504086986342 0 0 0 0 0 0 0 0 1 0 
460990000000093     1630504087352026 0 0 0 0 0 0 0 0 1 0 
460990000000092     1630504088033381 0 0 0 0 0 0 0 0 1 0 
460990000000089     1630504088379448 0 0 0 0 0 0 0 0 1 0 
460990000000085     1630504089062385 0 0 0 0 0 0 0 0 1 0 
460990000000087     1630504089387567 0 0 0 0 0 0 0 0 1 0 
460990000000079     1630504090067093 0 0 0 0 0 0 0 0 1 0 
460990000000081     1630504090439116 0 0 0 0 0 0 0 0 1 0 
460990000000086     1630504091111933 0 0 0 0 0 0 0 0 1 0 
460990000000084     1630504091485705 0 0 0 0 0 0 0 0 1 0 
460990000000036     1630504091831294 0 0 0 0 0 0 0 0 1 0 
460990000000025     1630504092540335 0 0 0 0 0 0 0 0 1 0 
460990000000088     1630504092897546 0 0 0 0 0 0 0 0 1 0 
460990000000034     1630504093616193 0 0 0 0 0 0 0 0 1 0 
460990000000080     1630504093965924 0 0 0 0 0 0 0 0 1 0 
460990000000005     1630504094645742 0 0 0 0 0 0 0 0 1 0 
460990000000035     1630504095015155 0 0 0 0 0 0 0 0 1 0 
460990000000083     1630504095484371 0 0 0 0 0 0 0 0 1 0 
460990000000040     1630504096067474 0 0 0 0 0 0 1 0 0 0 
460990000000040     1630504096067677 0 0 0 0 0 0 0 1 0 0 
460990000000038     1630504096380135 0 0 0 0 0 0 1 0 0 0 
460990000000038     1630504096380366 0 0 0 0 0 0 0 1 0 0 
460990000000058     1630504096581663 0 0 0 0 0 0 1 0 0 0 
460990000000058     1630504096581941 0 0 0 0 0 0 0 1 0 0 
460990000000003     1630504097003995 0 0 0 0 0 0 1 0 0 0 
460990000000003     1630504097004205 0 0 0 0 0 0 0 1 0 0 
460990000000043     1630504097184158 0 0 0 0 0 0 1 0 0 0 
460990000000043     1630504097184364 0 0 0 0 0 0 0 1 0 0 
460990000000045     1630504097384635 0 0 0 0 0 0 1 0 0 0 
460990000000045     1630504097384826 0 0 0 0 0 0 0 1 0 0 
460990000000078     1630504097610742 0 0 0 0 0 0 1 0 0 0 
460990000000078     1630504097610946 0 0 0 0 0 0 0 1 0 0 
460990000000049     1630504098142635 0 0 0 0 0 0 1 0 0 0 
460990000000049     1630504098142878 0 0 0 0 0 0 0 1 0 0 
460990000000054     1630504098456704 0 0 0 0 0 0 1 0 0 0 
460990000000054     1630504098456901 0 0 0 0 0 0 0 1 0 0 
460990000000069     1630504099136266 0 0 0 0 0 0 1 0 0 0 
460990000000069     1630504099136490 0 0 0 0 0 0 0 1 0 0 
460990000000071     1630504099342799 0 0 0 0 0 0 1 0 0 0 
460990000000071     1630504099343008 0 0 0 0 0 0 0 1 0 0 
460990000000070     1630504099762256 0 0 0 0 0 0 1 0 0 0 
460990000000070     1630504099762577 0 0 0 0 0 0 0 1 0 0 
460990000000030     1630504100383781 0 0 0 0 0 0 0 0 1 0 
460990000000024     1630504101198131 0 0 0 0 0 0 0 0 1 0 
460990000000017     1630504101568702 0 0 0 0 0 0 0 0 1 0 
460990000000046     1630504101916435 0 0 0 0 0 0 0 0 1 0 
460990000000057     1630504102589168 0 0 0 0 0 0 0 0 1 0 
460990000000027     1630504102956889 0 0 0 0 0 0 0 0 1 0 
460990000000082     1630504103617612 0 0 0 0 0 0 0 0 1 0 
460990000000032     1630504103991091 0 0 0 0 0 0 0 0 1 0 
460990000000006     1630504104665562 0 0 0 0 0 0 0 0 1 0 
460990000000004     1630504105089199 0 0 0 0 0 0 0 0 1 0 
460990000000026     1630504105703905 0 0 0 0 0 0 0 0 1 0 
460990000000002     1630504106070606 0 0 0 0 0 0 0 0 1 0 
460990000000001     1630504106769209 0 0 0 0 0 0 0 0 1 0 
460990000000014     1630504107104567 0 0 0 0 0 0 0 0 1 0 
460990000000019     1630504107794997 0 0 0 0 0 0 0 0 1 0 
460990000000033     1630504108163848 0 0 0 0 0 0 0 0 1 0 
460990000000029     1630504108521415 0 0 0 0 0 0 0 0 1 0 
460990000000007     1630504109217267 0 0 0 0 0 0 0 0 1 0 
460990000000076     1630504109571337 0 0 0 0 0 0 0 0 1 0 
460990000000010     1630504110283700 0 0 0 0 0 0 0 0 1 0 
460990000000067     1630504110661725 0 0 0 0 0 0 0 0 1 0 
460990000000091     1630504111349219 0 0 0 0 0 0 0 0 1 0 
460990000000072     1630504111729272 0 0 0 0 0 0 0 0 1 0 
460990000000009     1630504112419531 0 0 0 0 0 0 0 0 1 0 
460990000000018     1630504112775780 0 0 0 0 0 0 0 0 1 0 
460990000000050     1630504113506555 0 0 0 0 0 0 0 0 1 0 
460990000000061     1630504113853773 0 0 0 0 0 0 0 0 1 0 
460990000000044     1630504114574952 0 0 0 0 0 0 0 0 1 0 
460990000000052     1630504114938617 0 0 0 0 0 0 0 0 1 0 
460990000000023     1630504115605614 0 0 0 0 0 0 0 0 1 0 
460990000000055     1630504115960080 0 0 0 0 0 0 0 0 1 0 
460990000000013     1630504116675308 0 0 0 0 0 0 0 0 1 0 
460990000000021     1630504117025507 0 0 0 0 0 0 0 0 1 0 
460990000000022     1630504117727682 0 0 0 0 0 0 0 0 1 0 
460990000000066     1630504118079600 0 0 0 0 0 0 0 0 1 0 
460990000000008     1630504118764263 0 0 0 0 0 0 0 0 1 0 
460990000000039     1630504119122061 0 0 0 0 0 0 0 0 1 0 
460990000000059     1630504119815365 0 0 0 0 0 0 0 0 1 0 
460990000000037     1630504120195722 0 0 0 0 0 0 0 0 1 0 
460990000000042     1630504120773905 0 0 0 0 0 0 0 0 1 0 
460990000000031     1630504121256338 0 0 0 0 0 0 0 0 1 0 
460990000000011     1630504121847523 0 0 0 0 0 0 0 0 1 0 
460990000000012     1630504122350712 0 0 0 0 0 0 0 0 1 0 
460990000000053     1630504122714358 0 0 0 0 0 0 0 0 1 0 
460990000000056     1630504123429243 0 0 0 0 0 0 0 0 1 0 
460990000000028     1630504123794673 0 0 0 0 0 0 0 0 1 0 
460990000000074     1630504124480215 0 0 0 0 0 0 0 0 1 0 
460990000000016     1630504124864064 0 0 0 0 0 0 0 0 1 0 
460990000000096     1630504125568394 0 0 0 0 0 0 0 0 1 0 
460990000000073     1630504125955618 0 0 0 0 0 0 0 0 1 0 
460990000000048     1630504126632076 0 0 0 0 0 0 0 0 1 0 
460990000000020     1630504127012899 0 0 0 0 0 0 0 0 1 0 
460990000000065     1630504127361989 0 0 0 0 0 0 0 0 1 0 
460990000000077     1630504128047927 0 0 0 0 0 0 0 0 1 0 
460990000000041     1630504128430482 0 0 0 0 0 0 0 0 1 0 
460990000000068     1630504129088659 0 0 0 0 0 0 0 0 1 0 
460990000000063     1630504129493762 0 0 0 0 0 0 0 0 1 0 
460990000000095     1630504130159342 0 0 0 0 0 0 0 0 1 0 
460990000000060     1630504130562682 0 0 0 0 0 0 0 0 1 0 
460990000000047     1630504131237657 0 0 0 0 0 0 0 0 1 0 
460990000000064     1630504131618127 0 0 0 0 0 0 0 0 1 0 
460990000000075     1630504132295257 0 0 0 0 0 0 0 0 1 0 
460990000000051     1630504132659301 0 0 0 0 0 0 0 0 1 0 
460990000000100     1630504133356390 0 0 0 0 0 0 0 0 0 1 
460990000000015     1630504133526006 0 0 0 0 0 0 0 0 1 0 
460990000000062     1630504134198352 0 0 0 0 0 0 0 0 1 0 
460990000000099     1630504134726541 0 0 0 0 0 0 0 0 0 1 
460990000000098     1630504135374868 0 0 0 0 0 0 0 0 0 1 
460990000000097     1630504135750996 0 0 0 0 0 0 0 0 0 1 
460990000000093     1630504136393331 0 0 0 0 0 0 0 0 0 1 
460990000000094     1630504136746942 0 0 0 0 0 0 0 0 0 1 
460990000000089     1630504137419826 0 0 0 0 0 0 0 0 0 1 
460990000000090     1630504137747358 0 0 0 0 0 0 0 0 0 1 
460990000000085     1630504138343291 0 0 0 0 0 0 0 0 0 1 
460990000000092     1630504138543448 0 0 0 0 0 0 0 0 0 1 
460990000000087     1630504138892219 0 0 0 0 0 0 0 0 0 1 
460990000000079     1630504139553029 0 0 0 0 0 0 0 0 0 1 
460990000000081     1630504139890516 0 0 0 0 0 0 0 0 0 1 
460990000000084     1630504140502329 0 0 0 0 0 0 0 0 0 1 
460990000000086     1630504140662889 0 0 0 0 0 0 0 0 0 1 
460990000000036     1630504141419211 0 0 0 0 0 0 0 0 0 1 
460990000000025     1630504141633145 0 0 0 0 0 0 0 0 0 1 
460990000000088     1630504142002274 0 0 0 0 0 0 0 0 0 1 
460990000000034     1630504142686948 0 0 0 0 0 0 0 0 0 1 
460990000000080     1630504142973970 0 0 0 0 0 0 0 0 0 1 
460990000000083     1630504143607509 0 0 0 0 0 0 0 0 0 1 
460990000000005     1630504143990630 0 0 0 0 0 0 0 0 0 1 
460990000000038     1630504144779602 0 0 0 0 0 0 0 0 1 0 
460990000000035     1630504145718538 0 0 0 0 0 0 0 0 0 1 
460990000000040     1630504145884376 0 0 0 0 0 0 0 0 1 0 
460990000000058     1630504146654748 0 0 0 0 0 0 0 0 1 0 
460990000000003     1630504147135055 0 0 0 0 0 0 0 0 1 0 
460990000000043     1630504147911713 0 0 0 0 0 0 0 0 1 0 
460990000000045     1630504148783141 0 0 0 0 0 0 0 0 1 0 
460990000000078     1630504149308999 0 0 0 0 0 0 0 0 1 0 
460990000000049     1630504150160940 0 0 0 0 0 0 0 0 1 0 
460990000000054     1630504150993356 0 0 0 0 0 0 0 0 1 0 
460990000000069     1630504151877857 0 0 0 0 0 0 0 0 1 0 
460990000000071     1630504152239495 0 0 0 0 0 0 0 0 1 0 
460990000000070     1630504152929593 0 0 0 0 0 0 0 0 1 0 
460990000000030     1630504153290974 0 0 0 0 0 0 0 0 0 1 
460990000000024     1630504153461411 0 0 0 0 0 0 0 0 0 1 
460990000000017     1630504154071486 0 0 0 0 0 0 0 0 0 1 
460990000000046     1630504154270280 0 0 0 0 0 0 0 0 0 1 
460990000000057     1630504154438451 0 0 0 0 0 0 0 0 0 1 
460990000000027     1630504154605261 0 0 0 0 0 0 0 0 0 1 
460990000000082     1630504155188645 0 0 0 0 0 0 0 0 0 1 
460990000000006     1630504155370506 0 0 0 0 0 0 0 0 0 1 
460990000000032     1630504155550518 0 0 0 0 0 0 0 0 0 1 
460990000000026     1630504155719965 0 0 0 0 0 0 0 0 0 1 
460990000000004     1630504156301680 0 0 0 0 0 0 0 0 0 1 
460990000000001     1630504156601778 0 0 0 0 0 0 0 0 0 1 
460990000000002     1630504157356330 0 0 0 0 0 0 0 0 0 1 
460990000000019     1630504157566040 0 0 0 0 0 0 0 0 0 1 
460990000000014     1630504158258846 0 0 0 0 0 0 0 0 0 1 
460990000000029     1630504158490694 0 0 0 0 0 0 0 0 0 1 
460990000000033     1630504158671410 0 0 0 0 0 0 0 0 0 1 
460990000000076     1630504159410521 0 0 0 0 0 0 0 0 0 1 
460990000000007     1630504159642541 0 0 0 0 0 0 0 0 0 1 
460990000000010     1630504160366377 0 0 0 0 0 0 0 0 0 1 
460990000000067     1630504160589668 0 0 0 0 0 0 0 0 0 1 
460990000000091     1630504161326394 0 0 0 0 0 0 0 0 0 1 
460990000000072     1630504161527631 0 0 0 0 0 0 0 0 0 1 
460990000000009     1630504162292220 0 0 0 0 0 0 0 0 0 1 
460990000000018     1630504162450278 0 0 0 0 0 0 0 0 0 1 
460990000000050     1630504162662652 0 0 0 0 0 0 0 0 0 1 
460990000000061     1630504163407586 0 0 0 0 0 0 0 0 0 1 
460990000000044     1630504163599246 0 0 0 0 0 0 0 0 0 1 
460990000000052     1630504164337946 0 0 0 0 0 0 0 0 0 1 
460990000000023     1630504164576492 0 0 0 0 0 0 0 0 0 1 
460990000000055     1630504165295582 0 0 0 0 0 0 0 0 0 1 
460990000000013     1630504165485507 0 0 0 0 0 0 0 0 0 1 
460990000000021     1630504166309017 0 0 0 0 0 0 0 0 0 1 
460990000000022     1630504166487882 0 0 0 0 0 0 0 0 0 1 
460990000000066     1630504166640162 0 0 0 0 0 0 0 0 0 1 
460990000000039     1630504167395007 0 0 0 0 0 0 0 0 0 1 
460990000000008     1630504167655089 0 0 0 0 0 0 0 0 0 1 
460990000000037     1630504168378653 0 0 0 0 0 0 0 0 0 1 
460990000000059     1630504168585059 0 0 0 0 0 0 0 0 0 1 
460990000000031     1630504168777375 0 0 0 0 0 0 0 0 0 1 
460990000000042     1630504169503057 0 0 0 0 0 0 0 0 0 1 
460990000000012     1630504169722976 0 0 0 0 0 0 0 0 0 1 
460990000000011     1630504170440455 0 0 0 0 0 0 0 0 0 1 
460990000000053     1630504170667260 0 0 0 0 0 0 0 0 0 1 
460990000000056     1630504171443228 0 0 0 0 0 0 0 0 0 1 
460990000000028     1630504171666820 0 0 0 0 0 0 0 0 0 1 
460990000000074     1630504172426444 0 0 0 0 0 0 0 0 0 1 
460990000000016     1630504172666549 0 0 0 0 0 0 0 0 0 1 
460990000000096     1630504173423068 0 0 0 0 0 0 0 0 0 1 
460990000000073     1630504173626505 0 0 0 0 0 0 0 0 0 1 
460990000000048     1630504173836886 0 0 0 0 0 0 0 0 0 1 
460990000000065     1630504174568526 0 0 0 0 0 0 0 0 0 1 
460990000000020     1630504174775537 0 0 0 0 0 0 0 0 0 1 
460990000000077     1630504175474501 0 0 0 0 0 0 0 0 0 1 
460990000000068     1630504175674938 0 0 0 0 0 0 0 0 0 1 
460990000000041     1630504175863481 0 0 0 0 0 0 0 0 0 1 
460990000000060     1630504176577137 0 0 0 0 0 0 0 0 0 1 
460990000000063     1630504176790419 0 0 0 0 0 0 0 0 0 1 
460990000000064     1630504177523101 0 0 0 0 0 0 0 0 0 1 
460990000000095     1630504177698581 0 0 0 0 0 0 0 0 0 1 
460990000000075     1630504177869729 0 0 0 0 0 0 0 0 0 1 
460990000000047     1630504178618506 0 0 0 0 0 0 0 0 0 1 
460990000000051     1630504178850351 0 0 0 0 0 0 0 0 0 1 
460990000000015     1630504179615713 0 0 0 0 0 0 0 0 0 1 
460990000000062     1630504179827758 0 0 0 0 0 0 0 0 0 1 
460990000000040     1630504180530918 0 0 0 0 0 0 0 0 0 1 
460990000000038     1630504180702023 0 0 0 0 0 0 0 0 0 1 
460990000000058     1630504180900407 0 0 0 0 0 0 0 0 0 1 
460990000000003     1630504181646337 0 0 0 0 0 0 0 0 0 1 
460990000000045     1630504181833431 0 0 0 0 0 0 0 0 0 1 
460990000000043     1630504182567238 0 0 0 0 0 0 0 0 0 1 
460990000000078     1630504182716408 0 0 0 0 0 0 0 0 0 1 
460990000000049     1630504182878739 0 0 0 0 0 0 0 0 0 1 
460990000000054     1630504183610716 0 0 0 0 0 0 0 0 0 1 
460990000000069     1630504183848307 0 0 0 0 0 0 0 0 0 1 
460990000000070     1630504184578766 0 0 0 0 0 0 0 0 0 1 
460990000000071     1630504184713980 0 0 0 0 0 0 0 0 0 1 
