460990000000100     1630504621312640	1	0	0	0	0	0	0	0	0	0	
460990000000100     1630504621313062 0 1 0 0 0 0 0 0 0 0 
460990000000100     1630504621313242 0 0 1 0 0 0 0 0 0 0 
460990000000100     1630504621313737 0 0 0 1 0 0 0 0 0 0 
460990000000099     1630504621313723	1	0	0	0	0	0	0	0	0	0	
460990000000099     1630504621313977 0 1 0 0 0 0 0 0 0 0 
460990000000099     1630504621314239 0 0 1 0 0 0 0 0 0 0 
460990000000098     1630504621314493	1	0	0	0	0	0	0	0	0	0	
460990000000098     1630504621314668 0 1 0 0 0 0 0 0 0 0 
460990000000098     1630504621314811 0 0 1 0 0 0 0 0 0 0 
460990000000099     1630504621315163 0 0 0 1 0 0 0 0 0 0 
460990000000098     1630504621315890 0 0 0 1 0 0 0 0 0 0 
460990000000093     1630504621316065	1	0	0	0	0	0	0	0	0	0	
460990000000093     1630504621316989 0 1 0 0 0 0 0 0 0 0 
460990000000086     1630504621319380	1	0	0	0	0	0	0	0	0	0	
460990000000086     1630504621319468 0 1 0 0 0 0 0 0 0 0 
460990000000086     1630504621319562 0 0 1 0 0 0 0 0 0 0 
460990000000086     1630504621320090 0 0 0 1 0 0 0 0 0 0 
460990000000097     1630504621316159	1	0	0	0	0	0	0	0	0	0	
460990000000093     1630504621321092 0 0 1 0 0 0 0 0 0 0 
460990000000081     1630504621321165	1	0	0	0	0	0	0	0	0	0	
460990000000094     1630504621321396	1	0	0	0	0	0	0	0	0	0	
460990000000094     1630504621321640 0 1 0 0 0 0 0 0 0 0 
460990000000092     1630504621322024	1	0	0	0	0	0	0	0	0	0	
460990000000092     1630504621322276 0 1 0 0 0 0 0 0 0 0 
460990000000094     1630504621321759 0 0 1 0 0 0 0 0 0 0 
460990000000092     1630504621322604 0 0 1 0 0 0 0 0 0 0 
460990000000092     1630504621323376 0 0 0 1 0 0 0 0 0 0 
460990000000093     1630504621323411 0 0 0 1 0 0 0 0 0 0 
460990000000081     1630504621323450 0 1 0 0 0 0 0 0 0 0 
460990000000085     1630504621323510	1	0	0	0	0	0	0	0	0	0	
460990000000097     1630504621325119 0 1 0 0 0 0 0 0 0 0 
460990000000097     1630504621325347 0 0 1 0 0 0 0 0 0 0 
460990000000087     1630504621326126	1	0	0	0	0	0	0	0	0	0	
460990000000088     1630504621325761	1	0	0	0	0	0	0	0	0	0	
460990000000097     1630504621326691 0 0 0 1 0 0 0 0 0 0 
460990000000083     1630504621326032	1	0	0	0	0	0	0	0	0	0	
460990000000085     1630504621326815 0 1 0 0 0 0 0 0 0 0 
460990000000087     1630504621326845 0 1 0 0 0 0 0 0 0 0 
460990000000089     1630504621326829	1	0	0	0	0	0	0	0	0	0	
460990000000094     1630504621326875 0 0 0 1 0 0 0 0 0 0 
460990000000089     1630504621327378 0 1 0 0 0 0 0 0 0 0 
460990000000088     1630504621327425 0 1 0 0 0 0 0 0 0 0 
460990000000081     1630504621326856 0 0 1 0 0 0 0 0 0 0 
460990000000087     1630504621327465 0 0 1 0 0 0 0 0 0 0 
460990000000089     1630504621327603 0 0 1 0 0 0 0 0 0 0 
460990000000085     1630504621327450 0 0 1 0 0 0 0 0 0 0 
460990000000083     1630504621327857 0 1 0 0 0 0 0 0 0 0 
460990000000083     1630504621328086 0 0 1 0 0 0 0 0 0 0 
460990000000090     1630504621328169	1	0	0	0	0	0	0	0	0	0	
460990000000079     1630504621328464	1	0	0	0	0	0	0	0	0	0	
460990000000085     1630504621328558 0 0 0 1 0 0 0 0 0 0 
460990000000079     1630504621328634 0 1 0 0 0 0 0 0 0 0 
460990000000079     1630504621328739 0 0 1 0 0 0 0 0 0 0 
460990000000090     1630504621328975 0 1 0 0 0 0 0 0 0 0 
460990000000079     1630504621329280 0 0 0 1 0 0 0 0 0 0 
460990000000089     1630504621329308 0 0 0 1 0 0 0 0 0 0 
460990000000087     1630504621329466 0 0 0 1 0 0 0 0 0 0 
460990000000090     1630504621329806 0 0 1 0 0 0 0 0 0 0 
460990000000032     1630504621331276	1	0	0	0	0	0	0	0	0	0	
460990000000032     1630504621331373 0 1 0 0 0 0 0 0 0 0 
460990000000032     1630504621331608 0 0 1 0 0 0 0 0 0 0 
460990000000090     1630504621332248 0 0 0 1 0 0 0 0 0 0 
460990000000032     1630504621333425 0 0 0 1 0 0 0 0 0 0 
460990000000088     1630504621333848 0 0 1 0 0 0 0 0 0 0 
460990000000081     1630504621336275 0 0 0 1 0 0 0 0 0 0 
460990000000026     1630504621336749	1	0	0	0	0	0	0	0	0	0	
460990000000026     1630504621336957 0 1 0 0 0 0 0 0 0 0 
460990000000026     1630504621337603 0 0 1 0 0 0 0 0 0 0 
460990000000036     1630504621337941	1	0	0	0	0	0	0	0	0	0	
460990000000036     1630504621338209 0 1 0 0 0 0 0 0 0 0 
460990000000036     1630504621338414 0 0 1 0 0 0 0 0 0 0 
460990000000035     1630504621338502	1	0	0	0	0	0	0	0	0	0	
460990000000035     1630504621338848 0 1 0 0 0 0 0 0 0 0 
460990000000035     1630504621338955 0 0 1 0 0 0 0 0 0 0 
460990000000026     1630504621339808 0 0 0 1 0 0 0 0 0 0 
460990000000036     1630504621340316 0 0 0 1 0 0 0 0 0 0 
460990000000083     1630504621340801 0 0 0 1 0 0 0 0 0 0 
460990000000057     1630504621341656	1	0	0	0	0	0	0	0	0	0	
460990000000057     1630504621341887 0 1 0 0 0 0 0 0 0 0 
460990000000057     1630504621341996 0 0 1 0 0 0 0 0 0 0 
460990000000035     1630504621342244 0 0 0 1 0 0 0 0 0 0 
460990000000025     1630504621342902	1	0	0	0	0	0	0	0	0	0	
460990000000006     1630504621342945	1	0	0	0	0	0	0	0	0	0	
460990000000006     1630504621343031 0 1 0 0 0 0 0 0 0 0 
460990000000057     1630504621343063 0 0 0 1 0 0 0 0 0 0 
460990000000025     1630504621343110 0 1 0 0 0 0 0 0 0 0 
460990000000006     1630504621343186 0 0 1 0 0 0 0 0 0 0 
460990000000025     1630504621343348 0 0 1 0 0 0 0 0 0 0 
460990000000033     1630504621343483	1	0	0	0	0	0	0	0	0	0	
460990000000033     1630504621343635 0 1 0 0 0 0 0 0 0 0 
460990000000025     1630504621343787 0 0 0 1 0 0 0 0 0 0 
460990000000033     1630504621343863 0 0 1 0 0 0 0 0 0 0 
460990000000030     1630504621344143	1	0	0	0	0	0	0	0	0	0	
460990000000080     1630504621344266	1	0	0	0	0	0	0	0	0	0	
460990000000088     1630504621344618 0 0 0 1 0 0 0 0 0 0 
460990000000080     1630504621344822 0 1 0 0 0 0 0 0 0 0 
460990000000030     1630504621346230 0 1 0 0 0 0 0 0 0 0 
460990000000006     1630504621346514 0 0 0 1 0 0 0 0 0 0 
460990000000084     1630504621347208	1	0	0	0	0	0	0	0	0	0	
460990000000033     1630504621347500 0 0 0 1 0 0 0 0 0 0 
460990000000080     1630504621347950 0 0 1 0 0 0 0 0 0 0 
460990000000030     1630504621349077 0 0 1 0 0 0 0 0 0 0 
460990000000027     1630504621349975	1	0	0	0	0	0	0	0	0	0	
460990000000007     1630504621350245	1	0	0	0	0	0	0	0	0	0	
460990000000080     1630504621350431 0 0 0 1 0 0 0 0 0 0 
460990000000007     1630504621350450 0 1 0 0 0 0 0 0 0 0 
460990000000007     1630504621350532 0 0 1 0 0 0 0 0 0 0 
460990000000014     1630504621350583	1	0	0	0	0	0	0	0	0	0	
460990000000014     1630504621350674 0 1 0 0 0 0 0 0 0 0 
460990000000014     1630504621350997 0 0 1 0 0 0 0 0 0 0 
460990000000007     1630504621354999 0 0 0 1 0 0 0 0 0 0 
460990000000034     1630504621355392	1	0	0	0	0	0	0	0	0	0	
460990000000022     1630504621355865	1	0	0	0	0	0	0	0	0	0	
460990000000022     1630504621356029 0 1 0 0 0 0 0 0 0 0 
460990000000022     1630504621356182 0 0 1 0 0 0 0 0 0 0 
460990000000027     1630504621356433 0 1 0 0 0 0 0 0 0 0 
460990000000027     1630504621356554 0 0 1 0 0 0 0 0 0 0 
460990000000021     1630504621356871	1	0	0	0	0	0	0	0	0	0	
460990000000059     1630504621359458	1	0	0	0	0	0	0	0	0	0	
460990000000019     1630504621360812	1	0	0	0	0	0	0	0	0	0	
460990000000001     1630504621360936	1	0	0	0	0	0	0	0	0	0	
460990000000001     1630504621361036 0 1 0 0 0 0 0 0 0 0 
460990000000001     1630504621361268 0 0 1 0 0 0 0 0 0 0 
460990000000010     1630504621362435	1	0	0	0	0	0	0	0	0	0	
460990000000005     1630504621362685	1	0	0	0	0	0	0	0	0	0	
460990000000005     1630504621365251 0 1 0 0 0 0 0 0 0 0 
460990000000005     1630504621365365 0 0 1 0 0 0 0 0 0 0 
460990000000021     1630504621365505 0 1 0 0 0 0 0 0 0 0 
460990000000030     1630504621365604 0 0 0 1 0 0 0 0 0 0 
460990000000034     1630504621366484 0 1 0 0 0 0 0 0 0 0 
460990000000034     1630504621366615 0 0 1 0 0 0 0 0 0 0 
460990000000019     1630504621366805 0 1 0 0 0 0 0 0 0 0 
460990000000004     1630504621366800	1	0	0	0	0	0	0	0	0	0	
460990000000019     1630504621366915 0 0 1 0 0 0 0 0 0 0 
460990000000084     1630504621367091 0 1 0 0 0 0 0 0 0 0 
460990000000084     1630504621367295 0 0 1 0 0 0 0 0 0 0 
460990000000029     1630504621367297	1	0	0	0	0	0	0	0	0	0	
460990000000029     1630504621367387 0 1 0 0 0 0 0 0 0 0 
460990000000029     1630504621367492 0 0 1 0 0 0 0 0 0 0 
460990000000004     1630504621367636 0 1 0 0 0 0 0 0 0 0 
460990000000004     1630504621367754 0 0 1 0 0 0 0 0 0 0 
460990000000046     1630504621368004	1	0	0	0	0	0	0	0	0	0	
460990000000046     1630504621368099 0 1 0 0 0 0 0 0 0 0 
460990000000046     1630504621368196 0 0 1 0 0 0 0 0 0 0 
460990000000002     1630504621368214	1	0	0	0	0	0	0	0	0	0	
460990000000002     1630504621368941 0 1 0 0 0 0 0 0 0 0 
460990000000002     1630504621369135 0 0 1 0 0 0 0 0 0 0 
460990000000076     1630504621369031	1	0	0	0	0	0	0	0	0	0	
460990000000076     1630504621369438 0 1 0 0 0 0 0 0 0 0 
460990000000024     1630504621369959	1	0	0	0	0	0	0	0	0	0	
460990000000024     1630504621370178 0 1 0 0 0 0 0 0 0 0 
460990000000024     1630504621370484 0 0 1 0 0 0 0 0 0 0 
460990000000059     1630504621370727 0 1 0 0 0 0 0 0 0 0 
460990000000061     1630504621371072	1	0	0	0	0	0	0	0	0	0	
460990000000061     1630504621371260 0 1 0 0 0 0 0 0 0 0 
460990000000082     1630504621371452	1	0	0	0	0	0	0	0	0	0	
460990000000012     1630504621371513	1	0	0	0	0	0	0	0	0	0	
460990000000082     1630504621371558 0 1 0 0 0 0 0 0 0 0 
460990000000059     1630504621371552 0 0 1 0 0 0 0 0 0 0 
460990000000012     1630504621371627 0 1 0 0 0 0 0 0 0 0 
460990000000082     1630504621371677 0 0 1 0 0 0 0 0 0 0 
460990000000040     1630504621371690	1	0	0	0	0	0	0	0	0	0	
460990000000012     1630504621371739 0 0 1 0 0 0 0 0 0 0 
460990000000040     1630504621371779 0 1 0 0 0 0 0 0 0 0 
460990000000021     1630504621371862 0 0 1 0 0 0 0 0 0 0 
460990000000040     1630504621372007 0 0 1 0 0 0 0 0 0 0 
460990000000008     1630504621372194	1	0	0	0	0	0	0	0	0	0	
460990000000076     1630504621372489 0 0 1 0 0 0 0 0 0 0 
460990000000061     1630504621372583 0 0 1 0 0 0 0 0 0 0 
460990000000016     1630504621372841	1	0	0	0	0	0	0	0	0	0	
460990000000010     1630504621373071 0 1 0 0 0 0 0 0 0 0 
460990000000010     1630504621373965 0 0 1 0 0 0 0 0 0 0 
460990000000037     1630504621373994	1	0	0	0	0	0	0	0	0	0	
460990000000037     1630504621374073 0 1 0 0 0 0 0 0 0 0 
460990000000073     1630504621374125	1	0	0	0	0	0	0	0	0	0	
460990000000073     1630504621374229 0 1 0 0 0 0 0 0 0 0 
460990000000037     1630504621374192 0 0 1 0 0 0 0 0 0 0 
460990000000073     1630504621375381 0 0 1 0 0 0 0 0 0 0 
460990000000023     1630504621376218	1	0	0	0	0	0	0	0	0	0	
460990000000055     1630504621376612	1	0	0	0	0	0	0	0	0	0	
460990000000055     1630504621376860 0 1 0 0 0 0 0 0 0 0 
460990000000008     1630504621376883 0 1 0 0 0 0 0 0 0 0 
460990000000055     1630504621376985 0 0 1 0 0 0 0 0 0 0 
460990000000016     1630504621376967 0 1 0 0 0 0 0 0 0 0 
460990000000028     1630504621377108	1	0	0	0	0	0	0	0	0	0	
460990000000008     1630504621377230 0 0 1 0 0 0 0 0 0 0 
460990000000063     1630504621378712	1	0	0	0	0	0	0	0	0	0	
460990000000063     1630504621379034 0 1 0 0 0 0 0 0 0 0 
460990000000041     1630504621378725	1	0	0	0	0	0	0	0	0	0	
460990000000011     1630504621381157	1	0	0	0	0	0	0	0	0	0	
460990000000011     1630504621381316 0 1 0 0 0 0 0 0 0 0 
460990000000044     1630504621381700	1	0	0	0	0	0	0	0	0	0	
460990000000063     1630504621381816 0 0 1 0 0 0 0 0 0 0 
460990000000013     1630504621382778	1	0	0	0	0	0	0	0	0	0	
460990000000028     1630504621382800 0 1 0 0 0 0 0 0 0 0 
460990000000013     1630504621382874 0 1 0 0 0 0 0 0 0 0 
460990000000011     1630504621382894 0 0 1 0 0 0 0 0 0 0 
460990000000028     1630504621382959 0 0 1 0 0 0 0 0 0 0 
460990000000044     1630504621383695 0 1 0 0 0 0 0 0 0 0 
460990000000013     1630504621383728 0 0 1 0 0 0 0 0 0 0 
460990000000041     1630504621383812 0 1 0 0 0 0 0 0 0 0 
460990000000091     1630504621384106	1	0	0	0	0	0	0	0	0	0	
460990000000017     1630504621384145	1	0	0	0	0	0	0	0	0	0	
460990000000023     1630504621384197 0 1 0 0 0 0 0 0 0 0 
460990000000031     1630504621384211	1	0	0	0	0	0	0	0	0	0	
460990000000020     1630504621384220	1	0	0	0	0	0	0	0	0	0	
460990000000017     1630504621384251 0 1 0 0 0 0 0 0 0 0 
460990000000042     1630504621384263	1	0	0	0	0	0	0	0	0	0	
460990000000091     1630504621384345 0 1 0 0 0 0 0 0 0 0 
460990000000067     1630504621384177	1	0	0	0	0	0	0	0	0	0	
460990000000044     1630504621384410 0 0 1 0 0 0 0 0 0 0 
460990000000017     1630504621384425 0 0 1 0 0 0 0 0 0 0 
460990000000020     1630504621384455 0 1 0 0 0 0 0 0 0 0 
460990000000067     1630504621384491 0 1 0 0 0 0 0 0 0 0 
460990000000031     1630504621384555 0 1 0 0 0 0 0 0 0 0 
460990000000023     1630504621384615 0 0 1 0 0 0 0 0 0 0 
460990000000067     1630504621384641 0 0 1 0 0 0 0 0 0 0 
460990000000031     1630504621384648 0 0 1 0 0 0 0 0 0 0 
460990000000020     1630504621384656 0 0 1 0 0 0 0 0 0 0 
460990000000042     1630504621384776 0 1 0 0 0 0 0 0 0 0 
460990000000091     1630504621384772 0 0 1 0 0 0 0 0 0 0 
460990000000041     1630504621384839 0 0 1 0 0 0 0 0 0 0 
460990000000042     1630504621384935 0 0 1 0 0 0 0 0 0 0 
460990000000016     1630504621384998 0 0 1 0 0 0 0 0 0 0 
460990000000038     1630504621384539	1	0	0	0	0	0	0	0	0	0	
460990000000072     1630504621385166	1	0	0	0	0	0	0	0	0	0	
460990000000072     1630504621385672 0 1 0 0 0 0 0 0 0 0 
460990000000050     1630504621385687	1	0	0	0	0	0	0	0	0	0	
460990000000050     1630504621385892 0 1 0 0 0 0 0 0 0 0 
460990000000066     1630504621385987	1	0	0	0	0	0	0	0	0	0	
460990000000050     1630504621386024 0 0 1 0 0 0 0 0 0 0 
460990000000096     1630504621386073	1	0	0	0	0	0	0	0	0	0	
460990000000096     1630504621386334 0 1 0 0 0 0 0 0 0 0 
460990000000096     1630504621386631 0 0 1 0 0 0 0 0 0 0 
460990000000072     1630504621386649 0 0 1 0 0 0 0 0 0 0 
460990000000066     1630504621386834 0 1 0 0 0 0 0 0 0 0 
460990000000066     1630504621387870 0 0 1 0 0 0 0 0 0 0 
460990000000038     1630504621389507 0 1 0 0 0 0 0 0 0 0 
460990000000038     1630504621389731 0 0 1 0 0 0 0 0 0 0 
460990000000003     1630504621390729	1	0	0	0	0	0	0	0	0	0	
460990000000018     1630504621390829	1	0	0	0	0	0	0	0	0	0	
460990000000058     1630504621391391	1	0	0	0	0	0	0	0	0	0	
460990000000022     1630504621393536 0 0 0 1 0 0 0 0 0 0 
460990000000043     1630504621394252	1	0	0	0	0	0	0	0	0	0	
460990000000003     1630504621397383 0 1 0 0 0 0 0 0 0 0 
460990000000018     1630504621397623 0 1 0 0 0 0 0 0 0 0 
460990000000018     1630504621397728 0 0 1 0 0 0 0 0 0 0 
460990000000003     1630504621398813 0 0 1 0 0 0 0 0 0 0 
460990000000058     1630504621399225 0 1 0 0 0 0 0 0 0 0 
460990000000058     1630504621399328 0 0 1 0 0 0 0 0 0 0 
460990000000045     1630504621400589	1	0	0	0	0	0	0	0	0	0	
460990000000045     1630504621400767 0 1 0 0 0 0 0 0 0 0 
460990000000045     1630504621400876 0 0 1 0 0 0 0 0 0 0 
460990000000043     1630504621401399 0 1 0 0 0 0 0 0 0 0 
460990000000043     1630504621401667 0 0 1 0 0 0 0 0 0 0 
460990000000039     1630504621403364	1	0	0	0	0	0	0	0	0	0	
460990000000039     1630504621403516 0 1 0 0 0 0 0 0 0 0 
460990000000039     1630504621403646 0 0 1 0 0 0 0 0 0 0 
460990000000014     1630504621408665 0 0 0 1 0 0 0 0 0 0 
460990000000027     1630504621408791 0 0 0 1 0 0 0 0 0 0 
460990000000074     1630504621411035	1	0	0	0	0	0	0	0	0	0	
460990000000077     1630504621411137	1	0	0	0	0	0	0	0	0	0	
460990000000052     1630504621411071	1	0	0	0	0	0	0	0	0	0	
460990000000077     1630504621411317 0 1 0 0 0 0 0 0 0 0 
460990000000048     1630504621411357	1	0	0	0	0	0	0	0	0	0	
460990000000071     1630504621411395	1	0	0	0	0	0	0	0	0	0	
460990000000074     1630504621411459 0 1 0 0 0 0 0 0 0 0 
460990000000049     1630504621411485	1	0	0	0	0	0	0	0	0	0	
460990000000052     1630504621411468 0 1 0 0 0 0 0 0 0 0 
460990000000078     1630504621411616	1	0	0	0	0	0	0	0	0	0	
460990000000015     1630504621411539	1	0	0	0	0	0	0	0	0	0	
460990000000015     1630504621411837 0 1 0 0 0 0 0 0 0 0 
460990000000071     1630504621412238 0 1 0 0 0 0 0 0 0 0 
460990000000015     1630504621412424 0 0 1 0 0 0 0 0 0 0 
460990000000071     1630504621412575 0 0 1 0 0 0 0 0 0 0 
460990000000049     1630504621412968 0 1 0 0 0 0 0 0 0 0 
460990000000054     1630504621413054	1	0	0	0	0	0	0	0	0	0	
460990000000070     1630504621413149	1	0	0	0	0	0	0	0	0	0	
460990000000060     1630504621411903	1	0	0	0	0	0	0	0	0	0	
460990000000060     1630504621413278 0 1 0 0 0 0 0 0 0 0 
460990000000070     1630504621413321 0 1 0 0 0 0 0 0 0 0 
460990000000049     1630504621413396 0 0 1 0 0 0 0 0 0 0 
460990000000070     1630504621413404 0 0 1 0 0 0 0 0 0 0 
460990000000005     1630504621414092 0 0 0 1 0 0 0 0 0 0 
460990000000095     1630504621414608	1	0	0	0	0	0	0	0	0	0	
460990000000052     1630504621414628 0 0 1 0 0 0 0 0 0 0 
460990000000095     1630504621414707 0 1 0 0 0 0 0 0 0 0 
460990000000054     1630504621414725 0 1 0 0 0 0 0 0 0 0 
460990000000054     1630504621414820 0 0 1 0 0 0 0 0 0 0 
460990000000095     1630504621414921 0 0 1 0 0 0 0 0 0 0 
460990000000077     1630504621414935 0 0 1 0 0 0 0 0 0 0 
460990000000078     1630504621415125 0 1 0 0 0 0 0 0 0 0 
460990000000047     1630504621415440	1	0	0	0	0	0	0	0	0	0	
460990000000078     1630504621415695 0 0 1 0 0 0 0 0 0 0 
460990000000048     1630504621415967 0 1 0 0 0 0 0 0 0 0 
460990000000048     1630504621416068 0 0 1 0 0 0 0 0 0 0 
460990000000074     1630504621416329 0 0 1 0 0 0 0 0 0 0 
460990000000051     1630504621416256	1	0	0	0	0	0	0	0	0	0	
460990000000051     1630504621416682 0 1 0 0 0 0 0 0 0 0 
460990000000051     1630504621416773 0 0 1 0 0 0 0 0 0 0 
460990000000047     1630504621417212 0 1 0 0 0 0 0 0 0 0 
460990000000047     1630504621417329 0 0 1 0 0 0 0 0 0 0 
460990000000065     1630504621417397	1	0	0	0	0	0	0	0	0	0	
460990000000065     1630504621417995 0 1 0 0 0 0 0 0 0 0 
460990000000064     1630504621418096	1	0	0	0	0	0	0	0	0	0	
460990000000064     1630504621418214 0 1 0 0 0 0 0 0 0 0 
460990000000064     1630504621418313 0 0 1 0 0 0 0 0 0 0 
460990000000060     1630504621418368 0 0 1 0 0 0 0 0 0 0 
460990000000065     1630504621418604 0 0 1 0 0 0 0 0 0 0 
460990000000084     1630504621419278 0 0 0 1 0 0 0 0 0 0 
460990000000001     1630504621419287 0 0 0 1 0 0 0 0 0 0 
460990000000034     1630504621419398 0 0 0 1 0 0 0 0 0 0 
460990000000029     1630504621419482 0 0 0 1 0 0 0 0 0 0 
460990000000019     1630504621419571 0 0 0 1 0 0 0 0 0 0 
460990000000004     1630504621419668 0 0 0 1 0 0 0 0 0 0 
460990000000046     1630504621419693 0 0 0 1 0 0 0 0 0 0 
460990000000069     1630504621420453	1	0	0	0	0	0	0	0	0	0	
460990000000069     1630504621420850 0 1 0 0 0 0 0 0 0 0 
460990000000053     1630504621420867	1	0	0	0	0	0	0	0	0	0	
460990000000062     1630504621421035	1	0	0	0	0	0	0	0	0	0	
460990000000069     1630504621421441 0 0 1 0 0 0 0 0 0 0 
460990000000053     1630504621422947 0 1 0 0 0 0 0 0 0 0 
460990000000053     1630504621423307 0 0 1 0 0 0 0 0 0 0 
460990000000068     1630504621425044	1	0	0	0	0	0	0	0	0	0	
460990000000068     1630504621425143 0 1 0 0 0 0 0 0 0 0 
460990000000068     1630504621425590 0 0 1 0 0 0 0 0 0 0 
460990000000062     1630504621426476 0 1 0 0 0 0 0 0 0 0 
460990000000062     1630504621426840 0 0 1 0 0 0 0 0 0 0 
460990000000024     1630504621430679 0 0 0 1 0 0 0 0 0 0 
460990000000059     1630504621430692 0 0 0 1 0 0 0 0 0 0 
460990000000002     1630504621430806 0 0 0 1 0 0 0 0 0 0 
460990000000021     1630504621434539 0 0 0 1 0 0 0 0 0 0 
460990000000040     1630504621434551 0 0 0 1 0 0 0 0 0 0 
460990000000061     1630504621434747 0 0 0 1 0 0 0 0 0 0 
460990000000076     1630504621434989 0 0 0 1 0 0 0 0 0 0 
460990000000012     1630504621435100 0 0 0 1 0 0 0 0 0 0 
460990000000082     1630504621445458 0 0 0 1 0 0 0 0 0 0 
460990000000037     1630504621453157 0 0 0 1 0 0 0 0 0 0 
460990000000010     1630504621453192 0 0 0 1 0 0 0 0 0 0 
460990000000073     1630504621457253 0 0 0 1 0 0 0 0 0 0 
460990000000008     1630504621468650 0 0 0 1 0 0 0 0 0 0 
460990000000055     1630504621475410 0 0 0 1 0 0 0 0 0 0 
460990000000063     1630504621490033 0 0 0 1 0 0 0 0 0 0 
460990000000044     1630504621493750 0 0 0 1 0 0 0 0 0 0 
460990000000011     1630504621493769 0 0 0 1 0 0 0 0 0 0 
460990000000013     1630504621493902 0 0 0 1 0 0 0 0 0 0 
460990000000028     1630504621493983 0 0 0 1 0 0 0 0 0 0 
460990000000017     1630504621494005 0 0 0 1 0 0 0 0 0 0 
460990000000020     1630504621494223 0 0 0 1 0 0 0 0 0 0 
460990000000091     1630504621494251 0 0 0 1 0 0 0 0 0 0 
460990000000096     1630504621494366 0 0 0 1 0 0 0 0 0 0 
460990000000038     1630504621494357 0 0 0 1 0 0 0 0 0 0 
460990000000041     1630504621494379 0 0 0 1 0 0 0 0 0 0 
460990000000016     1630504621494394 0 0 0 1 0 0 0 0 0 0 
460990000000031     1630504621494407 0 0 0 1 0 0 0 0 0 0 
460990000000067     1630504621494424 0 0 0 1 0 0 0 0 0 0 
460990000000042     1630504621494474 0 0 0 1 0 0 0 0 0 0 
460990000000066     1630504621494507 0 0 0 1 0 0 0 0 0 0 
460990000000023     1630504621494630 0 0 0 1 0 0 0 0 0 0 
460990000000072     1630504621494755 0 0 0 1 0 0 0 0 0 0 
460990000000050     1630504621494792 0 0 0 1 0 0 0 0 0 0 
460990000000018     1630504621505635 0 0 0 1 0 0 0 0 0 0 
460990000000003     1630504621553555 0 0 0 1 0 0 0 0 0 0 
460990000000058     1630504621558528 0 0 0 1 0 0 0 0 0 0 
460990000000043     1630504621580741 0 0 0 1 0 0 0 0 0 0 
460990000000045     1630504621581605 0 0 0 1 0 0 0 0 0 0 
460990000000039     1630504621582478 0 0 0 1 0 0 0 0 0 0 
460990000000100     1630504621585698 0 0 0 0 1 0 0 0 0 0 
460990000000070     1630504621586863 0 0 0 1 0 0 0 0 0 0 
460990000000054     1630504621587142 0 0 0 1 0 0 0 0 0 0 
460990000000099     1630504621587480 0 0 0 0 1 0 0 0 0 0 
460990000000074     1630504621587274 0 0 0 1 0 0 0 0 0 0 
460990000000052     1630504621587803 0 0 0 1 0 0 0 0 0 0 
460990000000069     1630504621587807 0 0 0 1 0 0 0 0 0 0 
460990000000077     1630504621587971 0 0 0 1 0 0 0 0 0 0 
460990000000064     1630504621588092 0 0 0 1 0 0 0 0 0 0 
460990000000015     1630504621589077 0 0 0 1 0 0 0 0 0 0 
460990000000065     1630504621589098 0 0 0 1 0 0 0 0 0 0 
460990000000095     1630504621589172 0 0 0 1 0 0 0 0 0 0 
460990000000062     1630504621589217 0 0 0 1 0 0 0 0 0 0 
460990000000051     1630504621589231 0 0 0 1 0 0 0 0 0 0 
460990000000049     1630504621589211 0 0 0 1 0 0 0 0 0 0 
460990000000068     1630504621589472 0 0 0 1 0 0 0 0 0 0 
460990000000060     1630504621589680 0 0 0 1 0 0 0 0 0 0 
460990000000078     1630504621590057 0 0 0 1 0 0 0 0 0 0 
460990000000047     1630504621590180 0 0 0 1 0 0 0 0 0 0 
460990000000071     1630504621590228 0 0 0 1 0 0 0 0 0 0 
460990000000048     1630504621591137 0 0 0 1 0 0 0 0 0 0 
460990000000053     1630504621591315 0 0 0 1 0 0 0 0 0 0 
460990000000098     1630504621674512 0 0 0 0 1 0 0 0 0 0 
460990000000086     1630504621748582 0 0 0 0 1 0 0 0 0 0 
460990000000093     1630504621831889 0 0 0 0 1 0 0 0 0 0 
460990000000092     1630504621909976 0 0 0 0 1 0 0 0 0 0 
460990000000094     1630504621984715 0 0 0 0 1 0 0 0 0 0 
460990000000097     1630504622065769 0 0 0 0 1 0 0 0 0 0 
460990000000085     1630504622157760 0 0 0 0 1 0 0 0 0 0 
460990000000079     1630504622268247 0 0 0 0 1 0 0 0 0 0 
460990000000089     1630504622330115 0 0 0 0 1 0 0 0 0 0 
460990000000087     1630504622456349 0 0 0 0 1 0 0 0 0 0 
460990000000090     1630504622513960 0 0 0 0 1 0 0 0 0 0 
460990000000032     1630504622577197 0 0 0 0 1 0 0 0 0 0 
460990000000081     1630504622658138 0 0 0 0 1 0 0 0 0 0 
460990000000026     1630504622729571 0 0 0 0 1 0 0 0 0 0 
460990000000036     1630504622803881 0 0 0 0 1 0 0 0 0 0 
460990000000083     1630504622911846 0 0 0 0 1 0 0 0 0 0 
460990000000035     1630504622978562 0 0 0 0 1 0 0 0 0 0 
460990000000057     1630504623046963 0 0 0 0 1 0 0 0 0 0 
460990000000025     1630504623133242 0 0 0 0 1 0 0 0 0 0 
460990000000088     1630504623243395 0 0 0 0 1 0 0 0 0 0 
460990000000006     1630504623319499 0 0 0 0 1 0 0 0 0 0 
460990000000033     1630504623377129 0 0 0 0 1 0 0 0 0 0 
460990000000080     1630504623446117 0 0 0 0 1 0 0 0 0 0 
460990000000007     1630504623536840 0 0 0 0 1 0 0 0 0 0 
460990000000030     1630504623594668 0 0 0 0 1 0 0 0 0 0 
460990000000022     1630504623679434 0 0 0 0 1 0 0 0 0 0 
460990000000014     1630504623802393 0 0 0 0 1 0 0 0 0 0 
460990000000009     1630504623853159	1	0	0	0	0	0	0	0	0	0	
460990000000009     1630504623853272 0 1 0 0 0 0 0 0 0 0 
460990000000009     1630504623853380 0 0 1 0 0 0 0 0 0 0 
460990000000009     1630504623853843 0 0 0 1 0 0 0 0 0 0 
460990000000075     1630504623893148	1	0	0	0	0	0	0	0	0	0	
460990000000075     1630504623893334 0 1 0 0 0 0 0 0 0 0 
460990000000075     1630504623893459 0 0 1 0 0 0 0 0 0 0 
460990000000056     1630504623893552	1	0	0	0	0	0	0	0	0	0	
460990000000056     1630504623893799 0 1 0 0 0 0 0 0 0 0 
460990000000056     1630504623893889 0 0 1 0 0 0 0 0 0 0 
460990000000075     1630504623894227 0 0 0 1 0 0 0 0 0 0 
460990000000056     1630504623894498 0 0 0 1 0 0 0 0 0 0 
460990000000027     1630504623901715 0 0 0 0 1 0 0 0 0 0 
460990000000005     1630504623978548 0 0 0 0 1 0 0 0 0 0 
460990000000001     1630504624029269 0 0 0 0 1 0 0 0 0 0 
460990000000084     1630504624113241 0 0 0 0 1 0 0 0 0 0 
460990000000034     1630504624171624 0 0 0 0 1 0 0 0 0 0 
460990000000029     1630504624259375 0 0 0 0 1 0 0 0 0 0 
460990000000019     1630504624335080 0 0 0 0 1 0 0 0 0 0 
460990000000004     1630504624438451 0 0 0 0 1 0 0 0 0 0 
460990000000046     1630504624511014 0 0 0 0 1 0 0 0 0 0 
460990000000059     1630504624629593 0 0 0 0 1 0 0 0 0 0 
460990000000024     1630504624725709 0 0 0 0 1 0 0 0 0 0 
460990000000002     1630504624842582 0 0 0 0 1 0 0 0 0 0 
460990000000021     1630504624939063 0 0 0 0 1 0 0 0 0 0 
460990000000040     1630504624999353 0 0 0 0 1 0 0 0 0 0 
460990000000061     1630504625057542 0 0 0 0 1 0 0 0 0 0 
460990000000012     1630504625140903 0 0 0 0 1 0 0 0 0 0 
460990000000076     1630504625196138 0 0 0 0 1 0 0 0 0 0 
460990000000082     1630504625336474 0 0 0 0 1 0 0 0 0 0 
460990000000037     1630504625413394 0 0 0 0 1 0 0 0 0 0 
460990000000010     1630504625471270 0 0 0 0 1 0 0 0 0 0 
460990000000073     1630504625576439 0 0 0 0 1 0 0 0 0 0 
460990000000008     1630504625665242 0 0 0 0 1 0 0 0 0 0 
460990000000055     1630504625740855 0 0 0 0 1 0 0 0 0 0 
460990000000063     1630504625837470 0 0 0 0 1 0 0 0 0 0 
460990000000044     1630504625924727 0 0 0 0 1 0 0 0 0 0 
460990000000011     1630504625985466 0 0 0 0 1 0 0 0 0 0 
460990000000017     1630504626068193 0 0 0 0 1 0 0 0 0 0 
460990000000013     1630504626150340 0 0 0 0 1 0 0 0 0 0 
460990000000028     1630504626226864 0 0 0 0 1 0 0 0 0 0 
460990000000020     1630504626324050 0 0 0 0 1 0 0 0 0 0 
460990000000091     1630504626490486 0 0 0 0 1 0 0 0 0 0 
460990000000038     1630504626563680 0 0 0 0 1 0 0 0 0 0 
460990000000016     1630504626653225 0 0 0 0 1 0 0 0 0 0 
460990000000041     1630504626738743 0 0 0 0 1 0 0 0 0 0 
460990000000031     1630504626846179 0 0 0 0 1 0 0 0 0 0 
460990000000066     1630504626929635 0 0 0 0 1 0 0 0 0 0 
460990000000067     1630504627007134 0 0 0 0 1 0 0 0 0 0 
460990000000096     1630504627120239 0 0 0 0 1 0 0 0 0 0 
460990000000023     1630504627196529 0 0 0 0 1 0 0 0 0 0 
460990000000072     1630504627293998 0 0 0 0 1 0 0 0 0 0 
460990000000042     1630504627395381 0 0 0 0 1 0 0 0 0 0 
460990000000050     1630504627466045 0 0 0 0 1 0 0 0 0 0 
460990000000018     1630504627571945 0 0 0 0 1 0 0 0 0 0 
460990000000003     1630504627673023 0 0 0 0 1 0 0 0 0 0 
460990000000058     1630504627731833 0 0 0 0 1 0 0 0 0 0 
460990000000045     1630504627790769 0 0 0 0 1 0 0 0 0 0 
460990000000043     1630504627850642 0 0 0 0 1 0 0 0 0 0 
460990000000039     1630504627910864 0 0 0 0 1 0 0 0 0 0 
460990000000100     1630504628093669 0 0 0 0 0 1 0 0 0 0 
460990000000070     1630504628151854 0 0 0 0 1 0 0 0 0 0 
460990000000074     1630504628222620 0 0 0 0 1 0 0 0 0 0 
460990000000054     1630504628319701 0 0 0 0 1 0 0 0 0 0 
460990000000099     1630504628490130 0 0 0 0 0 1 0 0 0 0 
460990000000069     1630504628590763 0 0 0 0 1 0 0 0 0 0 
460990000000077     1630504628681451 0 0 0 0 1 0 0 0 0 0 
460990000000064     1630504628739033 0 0 0 0 1 0 0 0 0 0 
460990000000052     1630504628798178 0 0 0 0 1 0 0 0 0 0 
460990000000065     1630504628844090 0 0 0 0 1 0 0 0 0 0 
460990000000062     1630504628914932 0 0 0 0 1 0 0 0 0 0 
460990000000068     1630504628969172 0 0 0 0 1 0 0 0 0 0 
460990000000015     1630504629038209 0 0 0 0 1 0 0 0 0 0 
460990000000049     1630504629086707 0 0 0 0 1 0 0 0 0 0 
460990000000051     1630504629158455 0 0 0 0 1 0 0 0 0 0 
460990000000060     1630504629205209 0 0 0 0 1 0 0 0 0 0 
460990000000095     1630504629281297 0 0 0 0 1 0 0 0 0 0 
460990000000078     1630504629341871 0 0 0 0 1 0 0 0 0 0 
460990000000047     1630504629421990 0 0 0 0 1 0 0 0 0 0 
460990000000048     1630504629467062 0 0 0 0 1 0 0 0 0 0 
460990000000071     1630504629522799 0 0 0 0 1 0 0 0 0 0 
460990000000053     1630504629576784 0 0 0 0 1 0 0 0 0 0 
460990000000098     1630504629690087 0 0 0 0 0 1 0 0 0 0 
460990000000086     1630504629804172 0 0 0 0 0 1 0 0 0 0 
460990000000093     1630504629939068 0 0 0 0 0 1 0 0 0 0 
460990000000092     1630504630058788 0 0 0 0 0 1 0 0 0 0 
460990000000094     1630504630147199 0 0 0 0 0 1 0 0 0 0 
460990000000097     1630504630300357 0 0 0 0 0 1 0 0 0 0 
460990000000085     1630504630385227 0 0 0 0 0 1 0 0 0 0 
460990000000079     1630504630508967 0 0 0 0 0 1 0 0 0 0 
460990000000089     1630504630621661 0 0 0 0 0 1 0 0 0 0 
460990000000087     1630504630769277 0 0 0 0 0 1 0 0 0 0 
460990000000090     1630504630879438 0 0 0 0 0 1 0 0 0 0 
460990000000032     1630504630983382 0 0 0 0 0 1 0 0 0 0 
460990000000081     1630504631141814 0 0 0 0 0 1 0 0 0 0 
460990000000026     1630504631211537 0 0 0 0 0 1 0 0 0 0 
460990000000036     1630504631299201 0 0 0 0 0 1 0 0 0 0 
460990000000083     1630504631384494 0 0 0 0 0 1 0 0 0 0 
460990000000035     1630504631447516 0 0 0 0 0 1 0 0 0 0 
460990000000057     1630504631534596 0 0 0 0 0 1 0 0 0 0 
460990000000025     1630504631627176 0 0 0 0 0 1 0 0 0 0 
460990000000088     1630504631718849 0 0 0 0 0 1 0 0 0 0 
460990000000006     1630504631808070 0 0 0 0 0 1 0 0 0 0 
460990000000033     1630504631908806 0 0 0 0 0 1 0 0 0 0 
460990000000080     1630504632008259 0 0 0 0 0 1 0 0 0 0 
460990000000007     1630504632132657 0 0 0 0 0 1 0 0 0 0 
460990000000030     1630504632207013 0 0 0 0 0 1 0 0 0 0 
460990000000022     1630504632402495 0 0 0 0 0 1 0 0 0 0 
460990000000014     1630504632569499 0 0 0 0 0 1 0 0 0 0 
460990000000009     1630504632646956 0 0 0 0 1 0 0 0 0 0 
460990000000075     1630504632687828 0 0 0 0 1 0 0 0 0 0 
460990000000056     1630504632754837 0 0 0 0 1 0 0 0 0 0 
460990000000027     1630504632919423 0 0 0 0 0 1 0 0 0 0 
460990000000005     1630504633158336 0 0 0 0 0 1 0 0 0 0 
460990000000001     1630504633352666 0 0 0 0 0 1 0 0 0 0 
460990000000084     1630504633558526 0 0 0 0 0 1 0 0 0 0 
460990000000034     1630504633769563 0 0 0 0 0 1 0 0 0 0 
460990000000029     1630504633978104 0 0 0 0 0 1 0 0 0 0 
460990000000019     1630504634166203 0 0 0 0 0 1 0 0 0 0 
460990000000004     1630504634356550 0 0 0 0 0 1 0 0 0 0 
460990000000046     1630504634545680 0 0 0 0 0 1 0 0 0 0 
460990000000059     1630504634753432 0 0 0 0 0 1 0 0 0 0 
460990000000024     1630504634945464 0 0 0 0 0 1 0 0 0 0 
460990000000002     1630504635134091 0 0 0 0 0 1 0 0 0 0 
460990000000021     1630504635355744 0 0 0 0 0 1 0 0 0 0 
460990000000040     1630504635562019 0 0 0 0 0 1 0 0 0 0 
460990000000061     1630504635751219 0 0 0 0 0 1 0 0 0 0 
460990000000012     1630504635942073 0 0 0 0 0 1 0 0 0 0 
460990000000076     1630504636132164 0 0 0 0 0 1 0 0 0 0 
460990000000082     1630504636340952 0 0 0 0 0 1 0 0 0 0 
460990000000037     1630504636530311 0 0 0 0 0 1 0 0 0 0 
460990000000010     1630504636733373 0 0 0 0 0 1 0 0 0 0 
460990000000073     1630504636929504 0 0 0 0 0 1 0 0 0 0 
460990000000008     1630504637140136 0 0 0 0 0 1 0 0 0 0 
460990000000055     1630504637341275 0 0 0 0 0 1 0 0 0 0 
460990000000063     1630504637533826 0 0 0 0 0 1 0 0 0 0 
460990000000044     1630504637734459 0 0 0 0 0 1 0 0 0 0 
460990000000011     1630504637950346 0 0 0 0 0 1 0 0 0 0 
460990000000017     1630504638152773 0 0 0 0 0 1 0 0 0 0 
460990000000013     1630504638358648 0 0 0 0 0 1 0 0 0 0 
460990000000028     1630504638574506 0 0 0 0 0 1 0 0 0 0 
460990000000020     1630504638803887 0 0 0 0 0 1 0 0 0 0 
460990000000091     1630504639014419 0 0 0 0 0 1 0 0 0 0 
460990000000038     1630504639225496 0 0 0 0 0 1 0 0 0 0 
460990000000016     1630504639434819 0 0 0 0 0 1 0 0 0 0 
460990000000041     1630504639671027 0 0 0 0 0 1 0 0 0 0 
460990000000031     1630504639872525 0 0 0 0 0 1 0 0 0 0 
460990000000066     1630504640086255 0 0 0 0 0 1 0 0 0 0 
460990000000067     1630504640299284 0 0 0 0 0 1 0 0 0 0 
460990000000096     1630504640528280 0 0 0 0 0 1 0 0 0 0 
460990000000023     1630504640742645 0 0 0 0 0 1 0 0 0 0 
460990000000072     1630504640949356 0 0 0 0 0 1 0 0 0 0 
460990000000042     1630504641160534 0 0 0 0 0 1 0 0 0 0 
460990000000050     1630504641388714 0 0 0 0 0 1 0 0 0 0 
460990000000018     1630504641597746 0 0 0 0 0 1 0 0 0 0 
460990000000003     1630504641803242 0 0 0 0 0 1 0 0 0 0 
460990000000058     1630504642014544 0 0 0 0 0 1 0 0 0 0 
460990000000045     1630504642232959 0 0 0 0 0 1 0 0 0 0 
460990000000043     1630504642431264 0 0 0 0 0 1 0 0 0 0 
460990000000039     1630504642623174 0 0 0 0 0 1 0 0 0 0 
460990000000100     1630504642812107 0 0 0 0 0 0 1 0 0 0 
460990000000100     1630504642812293 0 0 0 0 0 0 0 1 0 0 
460990000000070     1630504642989299 0 0 0 0 0 1 0 0 0 0 
460990000000074     1630504643177771 0 0 0 0 0 1 0 0 0 0 
460990000000054     1630504643356528 0 0 0 0 0 1 0 0 0 0 
460990000000099     1630504643541695 0 0 0 0 0 0 1 0 0 0 
460990000000099     1630504643541887 0 0 0 0 0 0 0 1 0 0 
460990000000069     1630504643736648 0 0 0 0 0 1 0 0 0 0 
460990000000077     1630504643922483 0 0 0 0 0 1 0 0 0 0 
460990000000064     1630504644125201 0 0 0 0 0 1 0 0 0 0 
460990000000052     1630504644331719 0 0 0 0 0 1 0 0 0 0 
460990000000065     1630504644549432 0 0 0 0 0 1 0 0 0 0 
460990000000062     1630504644753647 0 0 0 0 0 1 0 0 0 0 
460990000000068     1630504644955563 0 0 0 0 0 1 0 0 0 0 
460990000000015     1630504645158560 0 0 0 0 0 1 0 0 0 0 
460990000000049     1630504645377521 0 0 0 0 0 1 0 0 0 0 
460990000000051     1630504645585602 0 0 0 0 0 1 0 0 0 0 
460990000000060     1630504645800002 0 0 0 0 0 1 0 0 0 0 
460990000000095     1630504646003106 0 0 0 0 0 1 0 0 0 0 
460990000000078     1630504646231738 0 0 0 0 0 1 0 0 0 0 
460990000000047     1630504646416777 0 0 0 0 0 1 0 0 0 0 
460990000000048     1630504646598995 0 0 0 0 0 1 0 0 0 0 
460990000000071     1630504646778766 0 0 0 0 0 1 0 0 0 0 
460990000000053     1630504646976462 0 0 0 0 0 1 0 0 0 0 
460990000000098     1630504647165873 0 0 0 0 0 0 1 0 0 0 
460990000000098     1630504647166099 0 0 0 0 0 0 0 1 0 0 
460990000000086     1630504647355036 0 0 0 0 0 0 1 0 0 0 
460990000000086     1630504647355236 0 0 0 0 0 0 0 1 0 0 
460990000000093     1630504647542627 0 0 0 0 0 0 1 0 0 0 
460990000000093     1630504647542822 0 0 0 0 0 0 0 1 0 0 
460990000000092     1630504647772091 0 0 0 0 0 0 1 0 0 0 
460990000000092     1630504647772295 0 0 0 0 0 0 0 1 0 0 
460990000000094     1630504647944426 0 0 0 0 0 0 1 0 0 0 
460990000000094     1630504647944634 0 0 0 0 0 0 0 1 0 0 
460990000000097     1630504648166723 0 0 0 0 0 0 1 0 0 0 
460990000000097     1630504648166938 0 0 0 0 0 0 0 1 0 0 
460990000000085     1630504648439666 0 0 0 0 0 0 1 0 0 0 
460990000000085     1630504648439953 0 0 0 0 0 0 0 1 0 0 
460990000000079     1630504648639125 0 0 0 0 0 0 1 0 0 0 
460990000000079     1630504648639314 0 0 0 0 0 0 0 1 0 0 
460990000000089     1630504648890390 0 0 0 0 0 0 1 0 0 0 
460990000000089     1630504648890684 0 0 0 0 0 0 0 1 0 0 
460990000000087     1630504649084547 0 0 0 0 0 0 1 0 0 0 
460990000000087     1630504649084766 0 0 0 0 0 0 0 1 0 0 
460990000000090     1630504649316191 0 0 0 0 0 0 1 0 0 0 
460990000000090     1630504649316380 0 0 0 0 0 0 0 1 0 0 
460990000000032     1630504649517770 0 0 0 0 0 0 1 0 0 0 
460990000000032     1630504649517957 0 0 0 0 0 0 0 1 0 0 
460990000000081     1630504649777805 0 0 0 0 0 0 1 0 0 0 
460990000000081     1630504649777996 0 0 0 0 0 0 0 1 0 0 
460990000000026     1630504649965215 0 0 0 0 0 0 1 0 0 0 
460990000000026     1630504649965408 0 0 0 0 0 0 0 1 0 0 
460990000000036     1630504650170549 0 0 0 0 0 0 1 0 0 0 
460990000000036     1630504650170761 0 0 0 0 0 0 0 1 0 0 
460990000000083     1630504650409389 0 0 0 0 0 0 1 0 0 0 
460990000000083     1630504650409594 0 0 0 0 0 0 0 1 0 0 
460990000000035     1630504650605116 0 0 0 0 0 0 1 0 0 0 
460990000000035     1630504650605308 0 0 0 0 0 0 0 1 0 0 
460990000000057     1630504650830259 0 0 0 0 0 0 1 0 0 0 
460990000000057     1630504650830456 0 0 0 0 0 0 0 1 0 0 
460990000000025     1630504651025575 0 0 0 0 0 0 1 0 0 0 
460990000000025     1630504651025796 0 0 0 0 0 0 0 1 0 0 
460990000000088     1630504651252028 0 0 0 0 0 0 1 0 0 0 
460990000000088     1630504651252515 0 0 0 0 0 0 0 1 0 0 
460990000000006     1630504651450195 0 0 0 0 0 0 1 0 0 0 
460990000000006     1630504651450472 0 0 0 0 0 0 0 1 0 0 
460990000000033     1630504651655328 0 0 0 0 0 0 1 0 0 0 
460990000000033     1630504651655539 0 0 0 0 0 0 0 1 0 0 
460990000000080     1630504651893749 0 0 0 0 0 0 1 0 0 0 
460990000000080     1630504651893954 0 0 0 0 0 0 0 1 0 0 
460990000000007     1630504652084611 0 0 0 0 0 0 1 0 0 0 
460990000000007     1630504652084848 0 0 0 0 0 0 0 1 0 0 
460990000000030     1630504652287836 0 0 0 0 0 0 1 0 0 0 
460990000000030     1630504652288028 0 0 0 0 0 0 0 1 0 0 
460990000000022     1630504652515417 0 0 0 0 0 0 1 0 0 0 
460990000000022     1630504652515684 0 0 0 0 0 0 0 1 0 0 
460990000000014     1630504652756121 0 0 0 0 0 0 1 0 0 0 
460990000000014     1630504652756333 0 0 0 0 0 0 0 1 0 0 
460990000000009     1630504652988038 0 0 0 0 0 1 0 0 0 0 
460990000000075     1630504653172404 0 0 0 0 0 1 0 0 0 0 
460990000000056     1630504653373147 0 0 0 0 0 1 0 0 0 0 
460990000000027     1630504653593394 0 0 0 0 0 0 1 0 0 0 
460990000000027     1630504653593604 0 0 0 0 0 0 0 1 0 0 
460990000000005     1630504653789809 0 0 0 0 0 0 1 0 0 0 
460990000000005     1630504653790067 0 0 0 0 0 0 0 1 0 0 
460990000000001     1630504654075729 0 0 0 0 0 0 1 0 0 0 
460990000000001     1630504654075908 0 0 0 0 0 0 0 1 0 0 
460990000000084     1630504654275221 0 0 0 0 0 0 1 0 0 0 
460990000000084     1630504654275486 0 0 0 0 0 0 0 1 0 0 
460990000000034     1630504654500087 0 0 0 0 0 0 1 0 0 0 
460990000000034     1630504654500283 0 0 0 0 0 0 0 1 0 0 
460990000000029     1630504654743844 0 0 0 0 0 0 1 0 0 0 
460990000000029     1630504654744057 0 0 0 0 0 0 0 1 0 0 
460990000000019     1630504654967732 0 0 0 0 0 0 1 0 0 0 
460990000000019     1630504654967963 0 0 0 0 0 0 0 1 0 0 
460990000000004     1630504655155967 0 0 0 0 0 0 1 0 0 0 
460990000000004     1630504655156204 0 0 0 0 0 0 0 1 0 0 
460990000000046     1630504655386690 0 0 0 0 0 0 1 0 0 0 
460990000000046     1630504655386998 0 0 0 0 0 0 0 1 0 0 
460990000000059     1630504655554178 0 0 0 0 0 0 1 0 0 0 
460990000000059     1630504655554364 0 0 0 0 0 0 0 1 0 0 
460990000000024     1630504655759023 0 0 0 0 0 0 1 0 0 0 
460990000000024     1630504655759295 0 0 0 0 0 0 0 1 0 0 
460990000000002     1630504655958697 0 0 0 0 0 0 1 0 0 0 
460990000000002     1630504655958953 0 0 0 0 0 0 0 1 0 0 
460990000000021     1630504656212656 0 0 0 0 0 0 1 0 0 0 
460990000000021     1630504656212864 0 0 0 0 0 0 0 1 0 0 
460990000000040     1630504656403355 0 0 0 0 0 0 1 0 0 0 
460990000000040     1630504656403602 0 0 0 0 0 0 0 1 0 0 
460990000000061     1630504656629043 0 0 0 0 0 0 1 0 0 0 
460990000000061     1630504656629238 0 0 0 0 0 0 0 1 0 0 
460990000000012     1630504656831972 0 0 0 0 0 0 1 0 0 0 
460990000000012     1630504656832188 0 0 0 0 0 0 0 1 0 0 
460990000000076     1630504657057088 0 0 0 0 0 0 1 0 0 0 
460990000000076     1630504657057385 0 0 0 0 0 0 0 1 0 0 
460990000000082     1630504657272531 0 0 0 0 0 0 1 0 0 0 
460990000000082     1630504657273022 0 0 0 0 0 0 0 1 0 0 
460990000000037     1630504657492468 0 0 0 0 0 0 1 0 0 0 
460990000000037     1630504657492879 0 0 0 0 0 0 0 1 0 0 
460990000000010     1630504657695378 0 0 0 0 0 0 1 0 0 0 
460990000000010     1630504657695580 0 0 0 0 0 0 0 1 0 0 
460990000000073     1630504657896139 0 0 0 0 0 0 1 0 0 0 
460990000000073     1630504657896441 0 0 0 0 0 0 0 1 0 0 
460990000000008     1630504658085943 0 0 0 0 0 0 1 0 0 0 
460990000000008     1630504658086175 0 0 0 0 0 0 0 1 0 0 
460990000000055     1630504658299911 0 0 0 0 0 0 1 0 0 0 
460990000000055     1630504658300136 0 0 0 0 0 0 0 1 0 0 
460990000000063     1630504658524002 0 0 0 0 0 0 1 0 0 0 
460990000000063     1630504658524237 0 0 0 0 0 0 0 1 0 0 
460990000000044     1630504658755708 0 0 0 0 0 0 1 0 0 0 
460990000000044     1630504658755918 0 0 0 0 0 0 0 1 0 0 
460990000000011     1630504658981069 0 0 0 0 0 0 1 0 0 0 
460990000000011     1630504658981271 0 0 0 0 0 0 0 1 0 0 
460990000000017     1630504659204011 0 0 0 0 0 0 1 0 0 0 
460990000000017     1630504659204241 0 0 0 0 0 0 0 1 0 0 
460990000000013     1630504659420085 0 0 0 0 0 0 1 0 0 0 
460990000000013     1630504659420314 0 0 0 0 0 0 0 1 0 0 
460990000000028     1630504659669615 0 0 0 0 0 0 1 0 0 0 
460990000000028     1630504659669882 0 0 0 0 0 0 0 1 0 0 
460990000000020     1630504659873485 0 0 0 0 0 0 1 0 0 0 
460990000000020     1630504659873693 0 0 0 0 0 0 0 1 0 0 
460990000000091     1630504660099670 0 0 0 0 0 0 1 0 0 0 
460990000000091     1630504660099909 0 0 0 0 0 0 0 1 0 0 
460990000000038     1630504660302901 0 0 0 0 0 0 1 0 0 0 
460990000000038     1630504660303080 0 0 0 0 0 0 0 1 0 0 
460990000000016     1630504660504086 0 0 0 0 0 0 1 0 0 0 
460990000000016     1630504660504429 0 0 0 0 0 0 0 1 0 0 
460990000000041     1630504660706369 0 0 0 0 0 0 1 0 0 0 
460990000000041     1630504660706567 0 0 0 0 0 0 0 1 0 0 
460990000000031     1630504660957412 0 0 0 0 0 0 1 0 0 0 
460990000000031     1630504660957622 0 0 0 0 0 0 0 1 0 0 
460990000000066     1630504661124544 0 0 0 0 0 0 1 0 0 0 
460990000000066     1630504661124739 0 0 0 0 0 0 0 1 0 0 
460990000000067     1630504661324287 0 0 0 0 0 0 1 0 0 0 
460990000000067     1630504661324583 0 0 0 0 0 0 0 1 0 0 
460990000000096     1630504661580619 0 0 0 0 0 0 1 0 0 0 
460990000000096     1630504661580904 0 0 0 0 0 0 0 1 0 0 
460990000000023     1630504661744776 0 0 0 0 0 0 1 0 0 0 
460990000000023     1630504661745064 0 0 0 0 0 0 0 1 0 0 
460990000000072     1630504661942491 0 0 0 0 0 0 1 0 0 0 
460990000000072     1630504661942686 0 0 0 0 0 0 0 1 0 0 
460990000000042     1630504662139420 0 0 0 0 0 0 1 0 0 0 
460990000000042     1630504662139640 0 0 0 0 0 0 0 1 0 0 
460990000000050     1630504662384198 0 0 0 0 0 0 1 0 0 0 
460990000000050     1630504662384378 0 0 0 0 0 0 0 1 0 0 
460990000000018     1630504662557384 0 0 0 0 0 0 1 0 0 0 
460990000000018     1630504662557575 0 0 0 0 0 0 0 1 0 0 
460990000000003     1630504662779830 0 0 0 0 0 0 1 0 0 0 
460990000000003     1630504662780019 0 0 0 0 0 0 0 1 0 0 
460990000000058     1630504662972476 0 0 0 0 0 0 1 0 0 0 
460990000000058     1630504662972737 0 0 0 0 0 0 0 1 0 0 
460990000000045     1630504663196633 0 0 0 0 0 0 1 0 0 0 
460990000000045     1630504663197160 0 0 0 0 0 0 0 1 0 0 
460990000000043     1630504663388115 0 0 0 0 0 0 1 0 0 0 
460990000000043     1630504663388401 0 0 0 0 0 0 0 1 0 0 
460990000000039     1630504663621536 0 0 0 0 0 0 1 0 0 0 
460990000000039     1630504663621735 0 0 0 0 0 0 0 1 0 0 
460990000000100     1630504663795434 0 0 0 0 0 0 0 0 1 0 
460990000000070     1630504664198790 0 0 0 0 0 0 1 0 0 0 
460990000000070     1630504664198992 0 0 0 0 0 0 0 1 0 0 
460990000000074     1630504664373158 0 0 0 0 0 0 1 0 0 0 
460990000000074     1630504664373341 0 0 0 0 0 0 0 1 0 0 
460990000000054     1630504664572789 0 0 0 0 0 0 1 0 0 0 
460990000000054     1630504664573049 0 0 0 0 0 0 0 1 0 0 
460990000000099     1630504664762832 0 0 0 0 0 0 0 0 1 0 
460990000000069     1630504665142501 0 0 0 0 0 0 1 0 0 0 
460990000000069     1630504665142732 0 0 0 0 0 0 0 1 0 0 
460990000000077     1630504665336346 0 0 0 0 0 0 1 0 0 0 
460990000000077     1630504665336592 0 0 0 0 0 0 0 1 0 0 
460990000000064     1630504665530138 0 0 0 0 0 0 1 0 0 0 
460990000000064     1630504665530323 0 0 0 0 0 0 0 1 0 0 
460990000000052     1630504665745791 0 0 0 0 0 0 1 0 0 0 
460990000000052     1630504665745996 0 0 0 0 0 0 0 1 0 0 
460990000000065     1630504665935860 0 0 0 0 0 0 1 0 0 0 
460990000000065     1630504665936070 0 0 0 0 0 0 0 1 0 0 
460990000000062     1630504666164034 0 0 0 0 0 0 1 0 0 0 
460990000000062     1630504666164247 0 0 0 0 0 0 0 1 0 0 
460990000000068     1630504666459824 0 0 0 0 0 0 1 0 0 0 
460990000000068     1630504666460068 0 0 0 0 0 0 0 1 0 0 
460990000000015     1630504666660460 0 0 0 0 0 0 1 0 0 0 
460990000000015     1630504666660699 0 0 0 0 0 0 0 1 0 0 
460990000000049     1630504666889553 0 0 0 0 0 0 1 0 0 0 
460990000000049     1630504666889818 0 0 0 0 0 0 0 1 0 0 
460990000000051     1630504667075749 0 0 0 0 0 0 1 0 0 0 
460990000000051     1630504667075957 0 0 0 0 0 0 0 1 0 0 
460990000000060     1630504667273554 0 0 0 0 0 0 1 0 0 0 
460990000000060     1630504667273757 0 0 0 0 0 0 0 1 0 0 
460990000000095     1630504667471693 0 0 0 0 0 0 1 0 0 0 
460990000000095     1630504667471902 0 0 0 0 0 0 0 1 0 0 
460990000000078     1630504667740420 0 0 0 0 0 0 1 0 0 0 
460990000000078     1630504667740624 0 0 0 0 0 0 0 1 0 0 
460990000000047     1630504667886935 0 0 0 0 0 0 1 0 0 0 
460990000000047     1630504667887125 0 0 0 0 0 0 0 1 0 0 
460990000000048     1630504668079676 0 0 0 0 0 0 1 0 0 0 
460990000000048     1630504668079996 0 0 0 0 0 0 0 1 0 0 
460990000000071     1630504668268280 0 0 0 0 0 0 1 0 0 0 
460990000000071     1630504668268477 0 0 0 0 0 0 0 1 0 0 
460990000000053     1630504668516064 0 0 0 0 0 0 1 0 0 0 
460990000000053     1630504668516289 0 0 0 0 0 0 0 1 0 0 
460990000000098     1630504668685628 0 0 0 0 0 0 0 0 1 0 
460990000000086     1630504669067647 0 0 0 0 0 0 0 0 1 0 
460990000000093     1630504669436116 0 0 0 0 0 0 0 0 1 0 
460990000000092     1630504669772900 0 0 0 0 0 0 0 0 1 0 
460990000000094     1630504670146568 0 0 0 0 0 0 0 0 1 0 
460990000000097     1630504670514670 0 0 0 0 0 0 0 0 1 0 
460990000000085     1630504670889708 0 0 0 0 0 0 0 0 1 0 
460990000000079     1630504671257439 0 0 0 0 0 0 0 0 1 0 
460990000000089     1630504671646066 0 0 0 0 0 0 0 0 1 0 
460990000000087     1630504672034698 0 0 0 0 0 0 0 0 1 0 
460990000000090     1630504672386847 0 0 0 0 0 0 0 0 1 0 
460990000000032     1630504672719687 0 0 0 0 0 0 0 0 1 0 
460990000000081     1630504673111084 0 0 0 0 0 0 0 0 1 0 
460990000000026     1630504673451349 0 0 0 0 0 0 0 0 1 0 
460990000000036     1630504673803942 0 0 0 0 0 0 0 0 1 0 
460990000000083     1630504674180712 0 0 0 0 0 0 0 0 1 0 
460990000000035     1630504674536845 0 0 0 0 0 0 0 0 1 0 
460990000000057     1630504674905623 0 0 0 0 0 0 0 0 1 0 
460990000000025     1630504675259115 0 0 0 0 0 0 0 0 1 0 
460990000000088     1630504675621196 0 0 0 0 0 0 0 0 1 0 
460990000000006     1630504675981716 0 0 0 0 0 0 0 0 1 0 
460990000000033     1630504676348048 0 0 0 0 0 0 0 0 1 0 
460990000000080     1630504676724239 0 0 0 0 0 0 0 0 1 0 
460990000000007     1630504677083685 0 0 0 0 0 0 0 0 1 0 
460990000000030     1630504677470074 0 0 0 0 0 0 0 0 1 0 
460990000000022     1630504677824168 0 0 0 0 0 0 0 0 1 0 
460990000000014     1630504678209837 0 0 0 0 0 0 0 0 1 0 
460990000000009     1630504678589731 0 0 0 0 0 0 1 0 0 0 
460990000000009     1630504678589916 0 0 0 0 0 0 0 1 0 0 
460990000000075     1630504678797983 0 0 0 0 0 0 1 0 0 0 
460990000000075     1630504678798176 0 0 0 0 0 0 0 1 0 0 
460990000000056     1630504679028232 0 0 0 0 0 0 1 0 0 0 
460990000000056     1630504679028424 0 0 0 0 0 0 0 1 0 0 
460990000000027     1630504679222429 0 0 0 0 0 0 0 0 1 0 
460990000000005     1630504679565190 0 0 0 0 0 0 0 0 1 0 
460990000000001     1630504679957900 0 0 0 0 0 0 0 0 1 0 
460990000000084     1630504680316017 0 0 0 0 0 0 0 0 1 0 
460990000000034     1630504680707882 0 0 0 0 0 0 0 0 1 0 
460990000000029     1630504681070506 0 0 0 0 0 0 0 0 1 0 
460990000000019     1630504681433093 0 0 0 0 0 0 0 0 1 0 
460990000000004     1630504681804082 0 0 0 0 0 0 0 0 1 0 
460990000000046     1630504682169441 0 0 0 0 0 0 0 0 1 0 
460990000000059     1630504682576381 0 0 0 0 0 0 0 0 1 0 
460990000000024     1630504682939442 0 0 0 0 0 0 0 0 1 0 
460990000000002     1630504683323359 0 0 0 0 0 0 0 0 1 0 
460990000000021     1630504683698333 0 0 0 0 0 0 0 0 1 0 
460990000000040     1630504684094454 0 0 0 0 0 0 0 0 1 0 
460990000000061     1630504684469074 0 0 0 0 0 0 0 0 1 0 
460990000000012     1630504684841095 0 0 0 0 0 0 0 0 1 0 
460990000000076     1630504685244723 0 0 0 0 0 0 0 0 1 0 
460990000000082     1630504685606634 0 0 0 0 0 0 0 0 1 0 
460990000000037     1630504686002567 0 0 0 0 0 0 0 0 1 0 
460990000000010     1630504686357544 0 0 0 0 0 0 0 0 1 0 
460990000000073     1630504686749640 0 0 0 0 0 0 0 0 1 0 
460990000000008     1630504687106870 0 0 0 0 0 0 0 0 1 0 
460990000000055     1630504687488933 0 0 0 0 0 0 0 0 1 0 
460990000000063     1630504687852161 0 0 0 0 0 0 0 0 1 0 
460990000000044     1630504688257265 0 0 0 0 0 0 0 0 1 0 
460990000000011     1630504688653558 0 0 0 0 0 0 0 0 1 0 
460990000000017     1630504689040063 0 0 0 0 0 0 0 0 1 0 
460990000000013     1630504689407057 0 0 0 0 0 0 0 0 1 0 
460990000000028     1630504689782928 0 0 0 0 0 0 0 0 1 0 
460990000000020     1630504690169777 0 0 0 0 0 0 0 0 1 0 
460990000000091     1630504690554195 0 0 0 0 0 0 0 0 1 0 
460990000000038     1630504690947403 0 0 0 0 0 0 0 0 1 0 
460990000000016     1630504691331287 0 0 0 0 0 0 0 0 1 0 
460990000000041     1630504691712064 0 0 0 0 0 0 0 0 1 0 
460990000000031     1630504692075613 0 0 0 0 0 0 0 0 1 0 
460990000000066     1630504692476307 0 0 0 0 0 0 0 0 1 0 
460990000000067     1630504692826543 0 0 0 0 0 0 0 0 1 0 
460990000000096     1630504693217357 0 0 0 0 0 0 0 0 1 0 
460990000000023     1630504693563492 0 0 0 0 0 0 0 0 1 0 
460990000000072     1630504693935858 0 0 0 0 0 0 0 0 1 0 
460990000000042     1630504694329596 0 0 0 0 0 0 0 0 1 0 
460990000000050     1630504694695905 0 0 0 0 0 0 0 0 1 0 
460990000000018     1630504695080464 0 0 0 0 0 0 0 0 1 0 
460990000000003     1630504695434182 0 0 0 0 0 0 0 0 1 0 
460990000000058     1630504695817871 0 0 0 0 0 0 0 0 1 0 
460990000000045     1630504696178041 0 0 0 0 0 0 0 0 1 0 
460990000000043     1630504696558056 0 0 0 0 0 0 0 0 1 0 
460990000000039     1630504696896527 0 0 0 0 0 0 0 0 1 0 
460990000000070     1630504697279003 0 0 0 0 0 0 0 0 1 0 
460990000000074     1630504697668736 0 0 0 0 0 0 0 0 1 0 
460990000000054     1630504698029909 0 0 0 0 0 0 0 0 1 0 
460990000000100     1630504698419481 0 0 0 0 0 0 0 0 0 1 
460990000000099     1630504698575741 0 0 0 0 0 0 0 0 0 1 
460990000000069     1630504698731873 0 0 0 0 0 0 0 0 1 0 
460990000000077     1630504699110594 0 0 0 0 0 0 0 0 1 0 
460990000000064     1630504699469097 0 0 0 0 0 0 0 0 1 0 
460990000000052     1630504699860712 0 0 0 0 0 0 0 0 1 0 
460990000000065     1630504700200769 0 0 0 0 0 0 0 0 1 0 
460990000000062     1630504700554728 0 0 0 0 0 0 0 0 1 0 
460990000000068     1630504700933439 0 0 0 0 0 0 0 0 1 0 
460990000000015     1630504701285194 0 0 0 0 0 0 0 0 1 0 
460990000000049     1630504701630927 0 0 0 0 0 0 0 0 1 0 
460990000000051     1630504701987145 0 0 0 0 0 0 0 0 1 0 
460990000000060     1630504702362692 0 0 0 0 0 0 0 0 1 0 
460990000000095     1630504702709902 0 0 0 0 0 0 0 0 1 0 
460990000000078     1630504703109807 0 0 0 0 0 0 0 0 1 0 
460990000000047     1630504703467814 0 0 0 0 0 0 0 0 1 0 
460990000000048     1630504703819600 0 0 0 0 0 0 0 0 1 0 
460990000000071     1630504704203340 0 0 0 0 0 0 0 0 1 0 
460990000000053     1630504704559736 0 0 0 0 0 0 0 0 1 0 
460990000000098     1630504704944356 0 0 0 0 0 0 0 0 0 1 
460990000000086     1630504705127169 0 0 0 0 0 0 0 0 0 1 
460990000000093     1630504705289561 0 0 0 0 0 0 0 0 0 1 
460990000000094     1630504705463032 0 0 0 0 0 0 0 0 0 1 
460990000000092     1630504705645342 0 0 0 0 0 0 0 0 0 1 
460990000000097     1630504705798459 0 0 0 0 0 0 0 0 0 1 
460990000000085     1630504705963402 0 0 0 0 0 0 0 0 0 1 
460990000000079     1630504706130278 0 0 0 0 0 0 0 0 0 1 
460990000000089     1630504706300306 0 0 0 0 0 0 0 0 0 1 
460990000000090     1630504706462774 0 0 0 0 0 0 0 0 0 1 
460990000000087     1630504706625291 0 0 0 0 0 0 0 0 0 1 
460990000000032     1630504706796476 0 0 0 0 0 0 0 0 0 1 
460990000000081     1630504706989596 0 0 0 0 0 0 0 0 0 1 
460990000000026     1630504707147098 0 0 0 0 0 0 0 0 0 1 
460990000000036     1630504707308540 0 0 0 0 0 0 0 0 0 1 
460990000000035     1630504707470269 0 0 0 0 0 0 0 0 0 1 
460990000000083     1630504707631561 0 0 0 0 0 0 0 0 0 1 
460990000000057     1630504707840399 0 0 0 0 0 0 0 0 0 1 
460990000000025     1630504707999419 0 0 0 0 0 0 0 0 0 1 
460990000000088     1630504708164303 0 0 0 0 0 0 0 0 0 1 
460990000000006     1630504708334828 0 0 0 0 0 0 0 0 0 1 
460990000000080     1630504708529880 0 0 0 0 0 0 0 0 0 1 
460990000000033     1630504708694662 0 0 0 0 0 0 0 0 0 1 
460990000000007     1630504708887985 0 0 0 0 0 0 0 0 0 1 
460990000000022     1630504709023177 0 0 0 0 0 0 0 0 0 1 
460990000000030     1630504709210799 0 0 0 0 0 0 0 0 0 1 
460990000000014     1630504709390289 0 0 0 0 0 0 0 0 0 1 
460990000000009     1630504709545628 0 0 0 0 0 0 0 0 1 0 
460990000000027     1630504709748537 0 0 0 0 0 0 0 0 0 1 
460990000000005     1630504709947286 0 0 0 0 0 0 0 0 0 1 
460990000000001     1630504710084953 0 0 0 0 0 0 0 0 0 1 
460990000000084     1630504710459703 0 0 0 0 0 0 0 0 0 1 
460990000000029     1630504710619862 0 0 0 0 0 0 0 0 0 1 
460990000000034     1630504710790527 0 0 0 0 0 0 0 0 0 1 
460990000000046     1630504710974205 0 0 0 0 0 0 0 0 0 1 
460990000000075     1630504711177483 0 0 0 0 0 0 0 0 1 0 
460990000000019     1630504711483780 0 0 0 0 0 0 0 0 0 1 
460990000000002     1630504711659422 0 0 0 0 0 0 0 0 0 1 
460990000000004     1630504712007098 0 0 0 0 0 0 0 0 0 1 
460990000000040     1630504712172940 0 0 0 0 0 0 0 0 0 1 
460990000000059     1630504712342437 0 0 0 0 0 0 0 0 0 1 
460990000000012     1630504712509181 0 0 0 0 0 0 0 0 0 1 
460990000000056     1630504712704244 0 0 0 0 0 0 0 0 1 0 
460990000000024     1630504712908585 0 0 0 0 0 0 0 0 0 1 
460990000000037     1630504713065879 0 0 0 0 0 0 0 0 0 1 
460990000000021     1630504713233602 0 0 0 0 0 0 0 0 0 1 
460990000000010     1630504713427137 0 0 0 0 0 0 0 0 0 1 
460990000000061     1630504713776733 0 0 0 0 0 0 0 0 0 1 
460990000000073     1630504713942805 0 0 0 0 0 0 0 0 0 1 
460990000000076     1630504714146295 0 0 0 0 0 0 0 0 0 1 
460990000000055     1630504714314452 0 0 0 0 0 0 0 0 0 1 
460990000000082     1630504714482183 0 0 0 0 0 0 0 0 0 1 
460990000000044     1630504714654660 0 0 0 0 0 0 0 0 0 1 
460990000000008     1630504714853715 0 0 0 0 0 0 0 0 0 1 
460990000000017     1630504714996476 0 0 0 0 0 0 0 0 0 1 
460990000000063     1630504715161480 0 0 0 0 0 0 0 0 0 1 
460990000000013     1630504715330677 0 0 0 0 0 0 0 0 0 1 
460990000000011     1630504715525555 0 0 0 0 0 0 0 0 0 1 
460990000000020     1630504715666001 0 0 0 0 0 0 0 0 0 1 
460990000000028     1630504715836950 0 0 0 0 0 0 0 0 0 1 
460990000000091     1630504716010733 0 0 0 0 0 0 0 0 0 1 
460990000000038     1630504716184246 0 0 0 0 0 0 0 0 0 1 
460990000000016     1630504716375740 0 0 0 0 0 0 0 0 0 1 
460990000000041     1630504716548373 0 0 0 0 0 0 0 0 0 1 
460990000000066     1630504716717166 0 0 0 0 0 0 0 0 0 1 
460990000000031     1630504716886807 0 0 0 0 0 0 0 0 0 1 
460990000000096     1630504717082108 0 0 0 0 0 0 0 0 0 1 
460990000000067     1630504717254496 0 0 0 0 0 0 0 0 0 1 
460990000000042     1630504717425705 0 0 0 0 0 0 0 0 0 1 
460990000000023     1630504717604104 0 0 0 0 0 0 0 0 0 1 
460990000000050     1630504717812075 0 0 0 0 0 0 0 0 0 1 
460990000000072     1630504717976810 0 0 0 0 0 0 0 0 0 1 
460990000000003     1630504718143112 0 0 0 0 0 0 0 0 0 1 
460990000000018     1630504718314293 0 0 0 0 0 0 0 0 0 1 
460990000000058     1630504718526711 0 0 0 0 0 0 0 0 0 1 
460990000000045     1630504718726841 0 0 0 0 0 0 0 0 0 1 
460990000000043     1630504718967346 0 0 0 0 0 0 0 0 0 1 
460990000000039     1630504719209762 0 0 0 0 0 0 0 0 0 1 
460990000000074     1630504719524729 0 0 0 0 0 0 0 0 0 1 
460990000000070     1630504719696328 0 0 0 0 0 0 0 0 0 1 
460990000000054     1630504719871954 0 0 0 0 0 0 0 0 0 1 
460990000000077     1630504720063482 0 0 0 0 0 0 0 0 0 1 
460990000000069     1630504720352298 0 0 0 0 0 0 0 0 0 1 
460990000000065     1630504720652381 0 0 0 0 0 0 0 0 0 1 
460990000000064     1630504720779052 0 0 0 0 0 0 0 0 0 1 
460990000000062     1630504721102219 0 0 0 0 0 0 0 0 0 1 
460990000000052     1630504721292573 0 0 0 0 0 0 0 0 0 1 
460990000000015     1630504721636149 0 0 0 0 0 0 0 0 0 1 
460990000000068     1630504721938068 0 0 0 0 0 0 0 0 0 1 
460990000000051     1630504722347195 0 0 0 0 0 0 0 0 0 1 
460990000000049     1630504722790289 0 0 0 0 0 0 0 0 0 1 
460990000000095     1630504723159134 0 0 0 0 0 0 0 0 0 1 
460990000000060     1630504723469329 0 0 0 0 0 0 0 0 0 1 
460990000000047     1630504723881568 0 0 0 0 0 0 0 0 0 1 
460990000000078     1630504724143008 0 0 0 0 0 0 0 0 0 1 
460990000000053     1630504724401992 0 0 0 0 0 0 0 0 0 1 
460990000000048     1630504724653528 0 0 0 0 0 0 0 0 0 1 
460990000000009     1630504724951169 0 0 0 0 0 0 0 0 0 1 
460990000000071     1630504725158563 0 0 0 0 0 0 0 0 0 1 
460990000000075     1630504725341767 0 0 0 0 0 0 0 0 0 1 
460990000000056     1630504725627870 0 0 0 0 0 0 0 0 0 1 
