460990000000099     1630504333925239	1	0	0	0	0	0	0	0	0	0	
460990000000099     1630504333925392 0 1 0 0 0 0 0 0 0 0 
460990000000099     1630504333925518 0 0 1 0 0 0 0 0 0 0 
460990000000100     1630504333924949	1	0	0	0	0	0	0	0	0	0	
460990000000098     1630504333925153	1	0	0	0	0	0	0	0	0	0	
460990000000098     1630504333926427 0 1 0 0 0 0 0 0 0 0 
460990000000100     1630504333926792 0 1 0 0 0 0 0 0 0 0 
460990000000100     1630504333926911 0 0 1 0 0 0 0 0 0 0 
460990000000099     1630504333927182 0 0 0 1 0 0 0 0 0 0 
460990000000098     1630504333927250 0 0 1 0 0 0 0 0 0 0 
460990000000100     1630504333928091 0 0 0 1 0 0 0 0 0 0 
460990000000098     1630504333928487 0 0 0 1 0 0 0 0 0 0 
460990000000093     1630504333928108	1	0	0	0	0	0	0	0	0	0	
460990000000093     1630504333928780 0 1 0 0 0 0 0 0 0 0 
460990000000093     1630504333928955 0 0 1 0 0 0 0 0 0 0 
460990000000093     1630504333929551 0 0 0 1 0 0 0 0 0 0 
460990000000090     1630504333929875	1	0	0	0	0	0	0	0	0	0	
460990000000090     1630504333929964 0 1 0 0 0 0 0 0 0 0 
460990000000090     1630504333930031 0 0 1 0 0 0 0 0 0 0 
460990000000094     1630504333929517	1	0	0	0	0	0	0	0	0	0	
460990000000089     1630504333930564	1	0	0	0	0	0	0	0	0	0	
460990000000090     1630504333930572 0 0 0 1 0 0 0 0 0 0 
460990000000089     1630504333930716 0 1 0 0 0 0 0 0 0 0 
460990000000089     1630504333930820 0 0 1 0 0 0 0 0 0 0 
460990000000094     1630504333931879 0 1 0 0 0 0 0 0 0 0 
460990000000094     1630504333932420 0 0 1 0 0 0 0 0 0 0 
460990000000079     1630504333932737	1	0	0	0	0	0	0	0	0	0	
460990000000079     1630504333932869 0 1 0 0 0 0 0 0 0 0 
460990000000079     1630504333933051 0 0 1 0 0 0 0 0 0 0 
460990000000092     1630504333933091	1	0	0	0	0	0	0	0	0	0	
460990000000092     1630504333933973 0 1 0 0 0 0 0 0 0 0 
460990000000092     1630504333936146 0 0 1 0 0 0 0 0 0 0 
460990000000097     1630504333936620	1	0	0	0	0	0	0	0	0	0	
460990000000097     1630504333936889 0 1 0 0 0 0 0 0 0 0 
460990000000097     1630504333937173 0 0 1 0 0 0 0 0 0 0 
460990000000088     1630504333938747	1	0	0	0	0	0	0	0	0	0	
460990000000088     1630504333938916 0 1 0 0 0 0 0 0 0 0 
460990000000094     1630504333939646 0 0 0 1 0 0 0 0 0 0 
460990000000088     1630504333939936 0 0 1 0 0 0 0 0 0 0 
460990000000079     1630504333940169 0 0 0 1 0 0 0 0 0 0 
460990000000057     1630504333941257	1	0	0	0	0	0	0	0	0	0	
460990000000086     1630504333942654	1	0	0	0	0	0	0	0	0	0	
460990000000086     1630504333943078 0 1 0 0 0 0 0 0 0 0 
460990000000057     1630504333945022 0 1 0 0 0 0 0 0 0 0 
460990000000081     1630504333945040	1	0	0	0	0	0	0	0	0	0	
460990000000019     1630504333944362	1	0	0	0	0	0	0	0	0	0	
460990000000092     1630504333945113 0 0 0 1 0 0 0 0 0 0 
460990000000089     1630504333945726 0 0 0 1 0 0 0 0 0 0 
460990000000017     1630504333945945	1	0	0	0	0	0	0	0	0	0	
460990000000057     1630504333946355 0 0 1 0 0 0 0 0 0 0 
460990000000084     1630504333946263	1	0	0	0	0	0	0	0	0	0	
460990000000046     1630504333949299	1	0	0	0	0	0	0	0	0	0	
460990000000036     1630504333949647	1	0	0	0	0	0	0	0	0	0	
460990000000080     1630504333953252	1	0	0	0	0	0	0	0	0	0	
460990000000082     1630504333955129	1	0	0	0	0	0	0	0	0	0	
460990000000001     1630504333958158	1	0	0	0	0	0	0	0	0	0	
460990000000026     1630504333958244	1	0	0	0	0	0	0	0	0	0	
460990000000026     1630504333958338 0 1 0 0 0 0 0 0 0 0 
460990000000026     1630504333958436 0 0 1 0 0 0 0 0 0 0 
460990000000017     1630504333959756 0 1 0 0 0 0 0 0 0 0 
460990000000014     1630504333960951	1	0	0	0	0	0	0	0	0	0	
460990000000019     1630504333961173 0 1 0 0 0 0 0 0 0 0 
460990000000035     1630504333954818	1	0	0	0	0	0	0	0	0	0	
460990000000086     1630504333954175 0 0 1 0 0 0 0 0 0 0 
460990000000014     1630504333962169 0 1 0 0 0 0 0 0 0 0 
460990000000014     1630504333962275 0 0 1 0 0 0 0 0 0 0 
460990000000081     1630504333962615 0 1 0 0 0 0 0 0 0 0 
460990000000081     1630504333963002 0 0 1 0 0 0 0 0 0 0 
460990000000007     1630504333963146	1	0	0	0	0	0	0	0	0	0	
460990000000036     1630504333963184 0 1 0 0 0 0 0 0 0 0 
460990000000019     1630504333963276 0 0 1 0 0 0 0 0 0 0 
460990000000036     1630504333963343 0 0 1 0 0 0 0 0 0 0 
460990000000083     1630504333964127	1	0	0	0	0	0	0	0	0	0	
460990000000083     1630504333964319 0 1 0 0 0 0 0 0 0 0 
460990000000097     1630504333962374 0 0 0 1 0 0 0 0 0 0 
460990000000005     1630504333965175	1	0	0	0	0	0	0	0	0	0	
460990000000040     1630504333964397	1	0	0	0	0	0	0	0	0	0	
460990000000082     1630504333966467 0 1 0 0 0 0 0 0 0 0 
460990000000040     1630504333966606 0 1 0 0 0 0 0 0 0 0 
460990000000025     1630504333966008	1	0	0	0	0	0	0	0	0	0	
460990000000005     1630504333967033 0 1 0 0 0 0 0 0 0 0 
460990000000083     1630504333966994 0 0 1 0 0 0 0 0 0 0 
460990000000035     1630504333967548 0 1 0 0 0 0 0 0 0 0 
460990000000040     1630504333967094 0 0 1 0 0 0 0 0 0 0 
460990000000046     1630504333967995 0 1 0 0 0 0 0 0 0 0 
460990000000087     1630504333968440	1	0	0	0	0	0	0	0	0	0	
460990000000017     1630504333967100 0 0 1 0 0 0 0 0 0 0 
460990000000025     1630504333968962 0 1 0 0 0 0 0 0 0 0 
460990000000007     1630504333969189 0 1 0 0 0 0 0 0 0 0 
460990000000040     1630504333969499 0 0 0 1 0 0 0 0 0 0 
460990000000082     1630504333968729 0 0 1 0 0 0 0 0 0 0 
460990000000035     1630504333967967 0 0 1 0 0 0 0 0 0 0 
460990000000005     1630504333968113 0 0 1 0 0 0 0 0 0 0 
460990000000087     1630504333969945 0 1 0 0 0 0 0 0 0 0 
460990000000036     1630504333969744 0 0 0 1 0 0 0 0 0 0 
460990000000057     1630504333969113 0 0 0 1 0 0 0 0 0 0 
460990000000081     1630504333970472 0 0 0 1 0 0 0 0 0 0 
460990000000016     1630504333968958	1	0	0	0	0	0	0	0	0	0	
460990000000083     1630504333970794 0 0 0 1 0 0 0 0 0 0 
460990000000082     1630504333970990 0 0 0 1 0 0 0 0 0 0 
460990000000016     1630504333971003 0 1 0 0 0 0 0 0 0 0 
460990000000025     1630504333969072 0 0 1 0 0 0 0 0 0 0 
460990000000084     1630504333971087 0 1 0 0 0 0 0 0 0 0 
460990000000035     1630504333971202 0 0 0 1 0 0 0 0 0 0 
460990000000006     1630504333970107	1	0	0	0	0	0	0	0	0	0	
460990000000086     1630504333970009 0 0 0 1 0 0 0 0 0 0 
460990000000026     1630504333970864 0 0 0 1 0 0 0 0 0 0 
460990000000050     1630504333969258	1	0	0	0	0	0	0	0	0	0	
460990000000016     1630504333971393 0 0 1 0 0 0 0 0 0 0 
460990000000024     1630504333970727	1	0	0	0	0	0	0	0	0	0	
460990000000046     1630504333970145 0 0 1 0 0 0 0 0 0 0 
460990000000019     1630504333970894 0 0 0 1 0 0 0 0 0 0 
460990000000087     1630504333971809 0 0 1 0 0 0 0 0 0 0 
460990000000084     1630504333971274 0 0 1 0 0 0 0 0 0 0 
460990000000027     1630504333970465	1	0	0	0	0	0	0	0	0	0	
460990000000017     1630504333971859 0 0 0 1 0 0 0 0 0 0 
460990000000027     1630504333972130 0 1 0 0 0 0 0 0 0 0 
460990000000006     1630504333972457 0 1 0 0 0 0 0 0 0 0 
460990000000014     1630504333972802 0 0 0 1 0 0 0 0 0 0 
460990000000006     1630504333972580 0 0 1 0 0 0 0 0 0 0 
460990000000001     1630504333972163 0 1 0 0 0 0 0 0 0 0 
460990000000027     1630504333972219 0 0 1 0 0 0 0 0 0 0 
460990000000080     1630504333973378 0 1 0 0 0 0 0 0 0 0 
460990000000050     1630504333973355 0 1 0 0 0 0 0 0 0 0 
460990000000029     1630504333973551	1	0	0	0	0	0	0	0	0	0	
460990000000029     1630504333974151 0 1 0 0 0 0 0 0 0 0 
460990000000004     1630504333972970	1	0	0	0	0	0	0	0	0	0	
460990000000004     1630504333974335 0 1 0 0 0 0 0 0 0 0 
460990000000080     1630504333974253 0 0 1 0 0 0 0 0 0 0 
460990000000004     1630504333974398 0 0 1 0 0 0 0 0 0 0 
460990000000050     1630504333974228 0 0 1 0 0 0 0 0 0 0 
460990000000002     1630504333975010	1	0	0	0	0	0	0	0	0	0	
460990000000029     1630504333974442 0 0 1 0 0 0 0 0 0 0 
460990000000088     1630504333974581 0 0 0 1 0 0 0 0 0 0 
460990000000044     1630504333974405	1	0	0	0	0	0	0	0	0	0	
460990000000046     1630504333975147 0 0 0 1 0 0 0 0 0 0 
460990000000044     1630504333975192 0 1 0 0 0 0 0 0 0 0 
460990000000027     1630504333975217 0 0 0 1 0 0 0 0 0 0 
460990000000034     1630504333975740	1	0	0	0	0	0	0	0	0	0	
460990000000034     1630504333975863 0 1 0 0 0 0 0 0 0 0 
460990000000002     1630504333976969 0 1 0 0 0 0 0 0 0 0 
460990000000016     1630504333977045 0 0 0 1 0 0 0 0 0 0 
460990000000002     1630504333977128 0 0 1 0 0 0 0 0 0 0 
460990000000001     1630504333974467 0 0 1 0 0 0 0 0 0 0 
460990000000025     1630504333977439 0 0 0 1 0 0 0 0 0 0 
460990000000044     1630504333975432 0 0 1 0 0 0 0 0 0 0 
460990000000007     1630504333977629 0 0 1 0 0 0 0 0 0 0 
460990000000034     1630504333975976 0 0 1 0 0 0 0 0 0 0 
460990000000072     1630504333976999	1	0	0	0	0	0	0	0	0	0	
460990000000004     1630504333978474 0 0 0 1 0 0 0 0 0 0 
460990000000006     1630504333978583 0 0 0 1 0 0 0 0 0 0 
460990000000050     1630504333978657 0 0 0 1 0 0 0 0 0 0 
460990000000087     1630504333978849 0 0 0 1 0 0 0 0 0 0 
460990000000080     1630504333978959 0 0 0 1 0 0 0 0 0 0 
460990000000001     1630504333978983 0 0 0 1 0 0 0 0 0 0 
460990000000029     1630504333979041 0 0 0 1 0 0 0 0 0 0 
460990000000030     1630504333979028	1	0	0	0	0	0	0	0	0	0	
460990000000030     1630504333979761 0 1 0 0 0 0 0 0 0 0 
460990000000005     1630504333978662 0 0 0 1 0 0 0 0 0 0 
460990000000002     1630504333979967 0 0 0 1 0 0 0 0 0 0 
460990000000034     1630504333980075 0 0 0 1 0 0 0 0 0 0 
460990000000007     1630504333980652 0 0 0 1 0 0 0 0 0 0 
460990000000044     1630504333980664 0 0 0 1 0 0 0 0 0 0 
460990000000084     1630504333979642 0 0 0 1 0 0 0 0 0 0 
460990000000085     1630504333980680	1	0	0	0	0	0	0	0	0	0	
460990000000072     1630504333980830 0 1 0 0 0 0 0 0 0 0 
460990000000085     1630504333981237 0 1 0 0 0 0 0 0 0 0 
460990000000030     1630504333985198 0 0 1 0 0 0 0 0 0 0 
460990000000008     1630504333985602	1	0	0	0	0	0	0	0	0	0	
460990000000085     1630504333985668 0 0 1 0 0 0 0 0 0 0 
460990000000022     1630504333986244	1	0	0	0	0	0	0	0	0	0	
460990000000024     1630504333986458 0 1 0 0 0 0 0 0 0 0 
460990000000072     1630504333981187 0 0 1 0 0 0 0 0 0 0 
460990000000008     1630504333986758 0 1 0 0 0 0 0 0 0 0 
460990000000021     1630504333986776	1	0	0	0	0	0	0	0	0	0	
460990000000008     1630504333986863 0 0 1 0 0 0 0 0 0 0 
460990000000067     1630504333986919	1	0	0	0	0	0	0	0	0	0	
460990000000067     1630504333987041 0 1 0 0 0 0 0 0 0 0 
460990000000024     1630504333987033 0 0 1 0 0 0 0 0 0 0 
460990000000010     1630504333987436	1	0	0	0	0	0	0	0	0	0	
460990000000010     1630504333987708 0 1 0 0 0 0 0 0 0 0 
460990000000010     1630504333987840 0 0 1 0 0 0 0 0 0 0 
460990000000076     1630504333988623	1	0	0	0	0	0	0	0	0	0	
460990000000076     1630504333988864 0 1 0 0 0 0 0 0 0 0 
460990000000076     1630504333989362 0 0 1 0 0 0 0 0 0 0 
460990000000022     1630504333990465 0 1 0 0 0 0 0 0 0 0 
460990000000022     1630504333990707 0 0 1 0 0 0 0 0 0 0 
460990000000023     1630504333991968	1	0	0	0	0	0	0	0	0	0	
460990000000067     1630504333992044 0 0 1 0 0 0 0 0 0 0 
460990000000023     1630504333992353 0 1 0 0 0 0 0 0 0 0 
460990000000021     1630504333992529 0 1 0 0 0 0 0 0 0 0 
460990000000091     1630504333992241	1	0	0	0	0	0	0	0	0	0	
460990000000091     1630504333992698 0 1 0 0 0 0 0 0 0 0 
460990000000061     1630504333992571	1	0	0	0	0	0	0	0	0	0	
460990000000091     1630504333992797 0 0 1 0 0 0 0 0 0 0 
460990000000021     1630504333992670 0 0 1 0 0 0 0 0 0 0 
460990000000031     1630504333992570	1	0	0	0	0	0	0	0	0	0	
460990000000023     1630504333995273 0 0 1 0 0 0 0 0 0 0 
460990000000041     1630504333992822	1	0	0	0	0	0	0	0	0	0	
460990000000078     1630504333997639	1	0	0	0	0	0	0	0	0	0	
460990000000078     1630504333999293 0 1 0 0 0 0 0 0 0 0 
460990000000061     1630504333999823 0 1 0 0 0 0 0 0 0 0 
460990000000078     1630504333999631 0 0 1 0 0 0 0 0 0 0 
460990000000031     1630504334000021 0 1 0 0 0 0 0 0 0 0 
460990000000031     1630504334000139 0 0 1 0 0 0 0 0 0 0 
460990000000061     1630504334000541 0 0 1 0 0 0 0 0 0 0 
460990000000042     1630504334000332	1	0	0	0	0	0	0	0	0	0	
460990000000073     1630504334000851	1	0	0	0	0	0	0	0	0	0	
460990000000073     1630504334001009 0 1 0 0 0 0 0 0 0 0 
460990000000073     1630504334001130 0 0 1 0 0 0 0 0 0 0 
460990000000063     1630504334002540	1	0	0	0	0	0	0	0	0	0	
460990000000063     1630504334002642 0 1 0 0 0 0 0 0 0 0 
460990000000063     1630504334002743 0 0 1 0 0 0 0 0 0 0 
460990000000096     1630504334003917	1	0	0	0	0	0	0	0	0	0	
460990000000056     1630504334004063	1	0	0	0	0	0	0	0	0	0	
460990000000053     1630504334004199	1	0	0	0	0	0	0	0	0	0	
460990000000053     1630504334004610 0 1 0 0 0 0 0 0 0 0 
460990000000096     1630504334004557 0 1 0 0 0 0 0 0 0 0 
460990000000053     1630504334004694 0 0 1 0 0 0 0 0 0 0 
460990000000096     1630504334004802 0 0 1 0 0 0 0 0 0 0 
460990000000049     1630504334004902	1	0	0	0	0	0	0	0	0	0	
460990000000055     1630504334005306	1	0	0	0	0	0	0	0	0	0	
460990000000041     1630504334005336 0 1 0 0 0 0 0 0 0 0 
460990000000041     1630504334005838 0 0 1 0 0 0 0 0 0 0 
460990000000049     1630504334005887 0 1 0 0 0 0 0 0 0 0 
460990000000058     1630504334005927	1	0	0	0	0	0	0	0	0	0	
460990000000075     1630504334006074	1	0	0	0	0	0	0	0	0	0	
460990000000047     1630504334006197	1	0	0	0	0	0	0	0	0	0	
460990000000070     1630504334006348	1	0	0	0	0	0	0	0	0	0	
460990000000054     1630504334006414	1	0	0	0	0	0	0	0	0	0	
460990000000042     1630504334006481 0 1 0 0 0 0 0 0 0 0 
460990000000054     1630504334006494 0 1 0 0 0 0 0 0 0 0 
460990000000055     1630504334006557 0 1 0 0 0 0 0 0 0 0 
460990000000055     1630504334006731 0 0 1 0 0 0 0 0 0 0 
460990000000009     1630504334006733	1	0	0	0	0	0	0	0	0	0	
460990000000077     1630504334006736	1	0	0	0	0	0	0	0	0	0	
460990000000077     1630504334006916 0 1 0 0 0 0 0 0 0 0 
460990000000051     1630504334007087	1	0	0	0	0	0	0	0	0	0	
460990000000028     1630504334007118	1	0	0	0	0	0	0	0	0	0	
460990000000077     1630504334007265 0 0 1 0 0 0 0 0 0 0 
460990000000020     1630504334010938	1	0	0	0	0	0	0	0	0	0	
460990000000020     1630504334011016 0 1 0 0 0 0 0 0 0 0 
460990000000045     1630504334011135	1	0	0	0	0	0	0	0	0	0	
460990000000020     1630504334011122 0 0 1 0 0 0 0 0 0 0 
460990000000045     1630504334011198 0 1 0 0 0 0 0 0 0 0 
460990000000047     1630504334011324 0 1 0 0 0 0 0 0 0 0 
460990000000045     1630504334011491 0 0 1 0 0 0 0 0 0 0 
460990000000038     1630504334011531	1	0	0	0	0	0	0	0	0	0	
460990000000051     1630504334011614 0 1 0 0 0 0 0 0 0 0 
460990000000060     1630504334011707	1	0	0	0	0	0	0	0	0	0	
460990000000095     1630504334011942	1	0	0	0	0	0	0	0	0	0	
460990000000095     1630504334012138 0 1 0 0 0 0 0 0 0 0 
460990000000095     1630504334012287 0 0 1 0 0 0 0 0 0 0 
460990000000060     1630504334012501 0 1 0 0 0 0 0 0 0 0 
460990000000038     1630504334012642 0 1 0 0 0 0 0 0 0 0 
460990000000066     1630504334012749	1	0	0	0	0	0	0	0	0	0	
460990000000060     1630504334012797 0 0 1 0 0 0 0 0 0 0 
460990000000038     1630504334013663 0 0 1 0 0 0 0 0 0 0 
460990000000068     1630504334014252	1	0	0	0	0	0	0	0	0	0	
460990000000068     1630504334015450 0 1 0 0 0 0 0 0 0 0 
460990000000068     1630504334015612 0 0 1 0 0 0 0 0 0 0 
460990000000047     1630504334015823 0 0 1 0 0 0 0 0 0 0 
460990000000043     1630504334016236	1	0	0	0	0	0	0	0	0	0	
460990000000049     1630504334016412 0 0 1 0 0 0 0 0 0 0 
460990000000043     1630504334016419 0 1 0 0 0 0 0 0 0 0 
460990000000058     1630504334016558 0 1 0 0 0 0 0 0 0 0 
460990000000043     1630504334016572 0 0 1 0 0 0 0 0 0 0 
460990000000051     1630504334016597 0 0 1 0 0 0 0 0 0 0 
460990000000066     1630504334016816 0 1 0 0 0 0 0 0 0 0 
460990000000054     1630504334016973 0 0 1 0 0 0 0 0 0 0 
460990000000042     1630504334017041 0 0 1 0 0 0 0 0 0 0 
460990000000018     1630504334017196	1	0	0	0	0	0	0	0	0	0	
460990000000075     1630504334017426 0 1 0 0 0 0 0 0 0 0 
460990000000075     1630504334017507 0 0 1 0 0 0 0 0 0 0 
460990000000056     1630504334017650 0 1 0 0 0 0 0 0 0 0 
460990000000070     1630504334017434 0 1 0 0 0 0 0 0 0 0 
460990000000070     1630504334017864 0 0 1 0 0 0 0 0 0 0 
460990000000003     1630504334018147	1	0	0	0	0	0	0	0	0	0	
460990000000056     1630504334018169 0 0 1 0 0 0 0 0 0 0 
460990000000065     1630504334018187	1	0	0	0	0	0	0	0	0	0	
460990000000018     1630504334018336 0 1 0 0 0 0 0 0 0 0 
460990000000003     1630504334018343 0 1 0 0 0 0 0 0 0 0 
460990000000018     1630504334018414 0 0 1 0 0 0 0 0 0 0 
460990000000003     1630504334018418 0 0 1 0 0 0 0 0 0 0 
460990000000071     1630504334018937	1	0	0	0	0	0	0	0	0	0	
460990000000071     1630504334019979 0 1 0 0 0 0 0 0 0 0 
460990000000071     1630504334020053 0 0 1 0 0 0 0 0 0 0 
460990000000066     1630504334021598 0 0 1 0 0 0 0 0 0 0 
460990000000009     1630504334021848 0 1 0 0 0 0 0 0 0 0 
460990000000048     1630504334021927	1	0	0	0	0	0	0	0	0	0	
460990000000048     1630504334022081 0 1 0 0 0 0 0 0 0 0 
460990000000048     1630504334022181 0 0 1 0 0 0 0 0 0 0 
460990000000039     1630504334022434	1	0	0	0	0	0	0	0	0	0	
460990000000039     1630504334022675 0 1 0 0 0 0 0 0 0 0 
460990000000058     1630504334022765 0 0 1 0 0 0 0 0 0 0 
460990000000039     1630504334022907 0 0 1 0 0 0 0 0 0 0 
460990000000065     1630504334022971 0 1 0 0 0 0 0 0 0 0 
460990000000065     1630504334023072 0 0 1 0 0 0 0 0 0 0 
460990000000028     1630504334023676 0 1 0 0 0 0 0 0 0 0 
460990000000028     1630504334025116 0 0 1 0 0 0 0 0 0 0 
460990000000009     1630504334025931 0 0 1 0 0 0 0 0 0 0 
460990000000037     1630504334027242	1	0	0	0	0	0	0	0	0	0	
460990000000037     1630504334027943 0 1 0 0 0 0 0 0 0 0 
460990000000011     1630504334028175	1	0	0	0	0	0	0	0	0	0	
460990000000037     1630504334028177 0 0 1 0 0 0 0 0 0 0 
460990000000011     1630504334028278 0 1 0 0 0 0 0 0 0 0 
460990000000011     1630504334028415 0 0 1 0 0 0 0 0 0 0 
460990000000085     1630504334053874 0 0 0 1 0 0 0 0 0 0 
460990000000030     1630504334062066 0 0 0 1 0 0 0 0 0 0 
460990000000072     1630504334081136 0 0 0 1 0 0 0 0 0 0 
460990000000008     1630504334081479 0 0 0 1 0 0 0 0 0 0 
460990000000022     1630504334111364 0 0 0 1 0 0 0 0 0 0 
460990000000010     1630504334111497 0 0 0 1 0 0 0 0 0 0 
460990000000024     1630504334111765 0 0 0 1 0 0 0 0 0 0 
460990000000076     1630504334115544 0 0 0 1 0 0 0 0 0 0 
460990000000067     1630504334158215 0 0 0 1 0 0 0 0 0 0 
460990000000021     1630504334179786 0 0 0 1 0 0 0 0 0 0 
460990000000023     1630504334179803 0 0 0 1 0 0 0 0 0 0 
460990000000031     1630504334179894 0 0 0 1 0 0 0 0 0 0 
460990000000078     1630504334180361 0 0 0 1 0 0 0 0 0 0 
460990000000091     1630504334189722 0 0 0 1 0 0 0 0 0 0 
460990000000053     1630504334204494 0 0 0 1 0 0 0 0 0 0 
460990000000063     1630504334204583 0 0 0 1 0 0 0 0 0 0 
460990000000055     1630504334204603 0 0 0 1 0 0 0 0 0 0 
460990000000061     1630504334204540 0 0 0 1 0 0 0 0 0 0 
460990000000073     1630504334204803 0 0 0 1 0 0 0 0 0 0 
460990000000020     1630504334205930 0 0 0 1 0 0 0 0 0 0 
460990000000096     1630504334209767 0 0 0 1 0 0 0 0 0 0 
460990000000041     1630504334214786 0 0 0 1 0 0 0 0 0 0 
460990000000045     1630504334214848 0 0 0 1 0 0 0 0 0 0 
460990000000077     1630504334214864 0 0 0 1 0 0 0 0 0 0 
460990000000038     1630504334214913 0 0 0 1 0 0 0 0 0 0 
460990000000042     1630504334215038 0 0 0 1 0 0 0 0 0 0 
460990000000068     1630504334215108 0 0 0 1 0 0 0 0 0 0 
460990000000075     1630504334215108 0 0 0 1 0 0 0 0 0 0 
460990000000018     1630504334215125 0 0 0 1 0 0 0 0 0 0 
460990000000048     1630504334215322 0 0 0 1 0 0 0 0 0 0 
460990000000054     1630504334215352 0 0 0 1 0 0 0 0 0 0 
460990000000060     1630504334215368 0 0 0 1 0 0 0 0 0 0 
460990000000066     1630504334215522 0 0 0 1 0 0 0 0 0 0 
460990000000095     1630504334215518 0 0 0 1 0 0 0 0 0 0 
460990000000047     1630504334215538 0 0 0 1 0 0 0 0 0 0 
460990000000049     1630504334215573 0 0 0 1 0 0 0 0 0 0 
460990000000070     1630504334215626 0 0 0 1 0 0 0 0 0 0 
460990000000056     1630504334215731 0 0 0 1 0 0 0 0 0 0 
460990000000051     1630504334215795 0 0 0 1 0 0 0 0 0 0 
460990000000003     1630504334215855 0 0 0 1 0 0 0 0 0 0 
460990000000043     1630504334215991 0 0 0 1 0 0 0 0 0 0 
460990000000071     1630504334216043 0 0 0 1 0 0 0 0 0 0 
460990000000099     1630504334216552 0 0 0 0 1 0 0 0 0 0 
460990000000058     1630504334216566 0 0 0 1 0 0 0 0 0 0 
460990000000100     1630504334222832 0 0 0 0 1 0 0 0 0 0 
460990000000039     1630504334222957 0 0 0 1 0 0 0 0 0 0 
460990000000065     1630504334222864 0 0 0 1 0 0 0 0 0 0 
460990000000009     1630504334223340 0 0 0 1 0 0 0 0 0 0 
460990000000011     1630504334223934 0 0 0 1 0 0 0 0 0 0 
460990000000028     1630504334223889 0 0 0 1 0 0 0 0 0 0 
460990000000037     1630504334224337 0 0 0 1 0 0 0 0 0 0 
460990000000098     1630504334240979 0 0 0 0 1 0 0 0 0 0 
460990000000093     1630504334312426 0 0 0 0 1 0 0 0 0 0 
460990000000090     1630504334399120 0 0 0 0 1 0 0 0 0 0 
460990000000094     1630504334470161 0 0 0 0 1 0 0 0 0 0 
460990000000079     1630504334556712 0 0 0 0 1 0 0 0 0 0 
460990000000092     1630504334636559 0 0 0 0 1 0 0 0 0 0 
460990000000089     1630504334719330 0 0 0 0 1 0 0 0 0 0 
460990000000097     1630504334815182 0 0 0 0 1 0 0 0 0 0 
460990000000057     1630504334872011 0 0 0 0 1 0 0 0 0 0 
460990000000040     1630504335073359 0 0 0 0 1 0 0 0 0 0 
460990000000036     1630504335170193 0 0 0 0 1 0 0 0 0 0 
460990000000086     1630504335256762 0 0 0 0 1 0 0 0 0 0 
460990000000081     1630504335354630 0 0 0 0 1 0 0 0 0 0 
460990000000019     1630504335451586 0 0 0 0 1 0 0 0 0 0 
460990000000083     1630504335520334 0 0 0 0 1 0 0 0 0 0 
460990000000026     1630504335602626 0 0 0 0 1 0 0 0 0 0 
460990000000082     1630504335690642 0 0 0 0 1 0 0 0 0 0 
460990000000035     1630504335772749 0 0 0 0 1 0 0 0 0 0 
460990000000017     1630504335879197 0 0 0 0 1 0 0 0 0 0 
460990000000088     1630504335945232 0 0 0 0 1 0 0 0 0 0 
460990000000014     1630504336062759 0 0 0 0 1 0 0 0 0 0 
460990000000046     1630504336239810 0 0 0 0 1 0 0 0 0 0 
460990000000027     1630504336311325 0 0 0 0 1 0 0 0 0 0 
460990000000050     1630504336400983 0 0 0 0 1 0 0 0 0 0 
460990000000032     1630504336433174	1	0	0	0	0	0	0	0	0	0	
460990000000032     1630504336433319 0 1 0 0 0 0 0 0 0 0 
460990000000032     1630504336433478 0 0 1 0 0 0 0 0 0 0 
460990000000032     1630504336434007 0 0 0 1 0 0 0 0 0 0 
460990000000033     1630504336436076	1	0	0	0	0	0	0	0	0	0	
460990000000033     1630504336437310 0 1 0 0 0 0 0 0 0 0 
460990000000033     1630504336437397 0 0 1 0 0 0 0 0 0 0 
460990000000033     1630504336438017 0 0 0 1 0 0 0 0 0 0 
460990000000059     1630504336484197	1	0	0	0	0	0	0	0	0	0	
460990000000013     1630504336484216	1	0	0	0	0	0	0	0	0	0	
460990000000059     1630504336484391 0 1 0 0 0 0 0 0 0 0 
460990000000059     1630504336484516 0 0 1 0 0 0 0 0 0 0 
460990000000013     1630504336484536 0 1 0 0 0 0 0 0 0 0 
460990000000013     1630504336484645 0 0 1 0 0 0 0 0 0 0 
460990000000012     1630504336485067	1	0	0	0	0	0	0	0	0	0	
460990000000012     1630504336488392 0 1 0 0 0 0 0 0 0 0 
460990000000013     1630504336488398 0 0 0 1 0 0 0 0 0 0 
460990000000059     1630504336488576 0 0 0 1 0 0 0 0 0 0 
460990000000012     1630504336488630 0 0 1 0 0 0 0 0 0 0 
460990000000012     1630504336489295 0 0 0 1 0 0 0 0 0 0 
460990000000062     1630504336492104	1	0	0	0	0	0	0	0	0	0	
460990000000062     1630504336493802 0 1 0 0 0 0 0 0 0 0 
460990000000062     1630504336493900 0 0 1 0 0 0 0 0 0 0 
460990000000062     1630504336494436 0 0 0 1 0 0 0 0 0 0 
460990000000064     1630504336500116	1	0	0	0	0	0	0	0	0	0	
460990000000064     1630504336500234 0 1 0 0 0 0 0 0 0 0 
460990000000064     1630504336500354 0 0 1 0 0 0 0 0 0 0 
460990000000064     1630504336500718 0 0 0 1 0 0 0 0 0 0 
460990000000015     1630504336501072	1	0	0	0	0	0	0	0	0	0	
460990000000015     1630504336501766 0 1 0 0 0 0 0 0 0 0 
460990000000015     1630504336501869 0 0 1 0 0 0 0 0 0 0 
460990000000069     1630504336502151	1	0	0	0	0	0	0	0	0	0	
460990000000015     1630504336502301 0 0 0 1 0 0 0 0 0 0 
460990000000069     1630504336502786 0 1 0 0 0 0 0 0 0 0 
460990000000069     1630504336502955 0 0 1 0 0 0 0 0 0 0 
460990000000052     1630504336503076	1	0	0	0	0	0	0	0	0	0	
460990000000052     1630504336503176 0 1 0 0 0 0 0 0 0 0 
460990000000074     1630504336503190	1	0	0	0	0	0	0	0	0	0	
460990000000074     1630504336503281 0 1 0 0 0 0 0 0 0 0 
460990000000052     1630504336503283 0 0 1 0 0 0 0 0 0 0 
460990000000074     1630504336503406 0 0 1 0 0 0 0 0 0 0 
460990000000069     1630504336503539 0 0 0 1 0 0 0 0 0 0 
460990000000052     1630504336503636 0 0 0 1 0 0 0 0 0 0 
460990000000029     1630504336504202 0 0 0 0 1 0 0 0 0 0 
460990000000074     1630504336504484 0 0 0 1 0 0 0 0 0 0 
460990000000087     1630504336600493 0 0 0 0 1 0 0 0 0 0 
460990000000080     1630504336665506 0 0 0 0 1 0 0 0 0 0 
460990000000001     1630504336726074 0 0 0 0 1 0 0 0 0 0 
460990000000016     1630504336826469 0 0 0 0 1 0 0 0 0 0 
460990000000006     1630504336891265 0 0 0 0 1 0 0 0 0 0 
460990000000004     1630504336982551 0 0 0 0 1 0 0 0 0 0 
460990000000025     1630504337044953 0 0 0 0 1 0 0 0 0 0 
460990000000005     1630504337149399 0 0 0 0 1 0 0 0 0 0 
460990000000084     1630504337208416 0 0 0 0 1 0 0 0 0 0 
460990000000002     1630504337295474 0 0 0 0 1 0 0 0 0 0 
460990000000034     1630504337368754 0 0 0 0 1 0 0 0 0 0 
460990000000007     1630504337436388 0 0 0 0 1 0 0 0 0 0 
460990000000044     1630504337507155 0 0 0 0 1 0 0 0 0 0 
460990000000085     1630504337583218 0 0 0 0 1 0 0 0 0 0 
460990000000030     1630504337676223 0 0 0 0 1 0 0 0 0 0 
460990000000072     1630504337741771 0 0 0 0 1 0 0 0 0 0 
460990000000008     1630504337831317 0 0 0 0 1 0 0 0 0 0 
460990000000022     1630504337931790 0 0 0 0 1 0 0 0 0 0 
460990000000010     1630504337988166 0 0 0 0 1 0 0 0 0 0 
460990000000024     1630504338075391 0 0 0 0 1 0 0 0 0 0 
460990000000076     1630504338286715 0 0 0 0 1 0 0 0 0 0 
460990000000067     1630504338400563 0 0 0 0 1 0 0 0 0 0 
460990000000078     1630504338485948 0 0 0 0 1 0 0 0 0 0 
460990000000023     1630504338571323 0 0 0 0 1 0 0 0 0 0 
460990000000031     1630504338633129 0 0 0 0 1 0 0 0 0 0 
460990000000021     1630504338817635 0 0 0 0 1 0 0 0 0 0 
460990000000091     1630504338904159 0 0 0 0 1 0 0 0 0 0 
460990000000063     1630504338963995 0 0 0 0 1 0 0 0 0 0 
460990000000073     1630504339054584 0 0 0 0 1 0 0 0 0 0 
460990000000055     1630504339131614 0 0 0 0 1 0 0 0 0 0 
460990000000053     1630504339220840 0 0 0 0 1 0 0 0 0 0 
460990000000061     1630504339401970 0 0 0 0 1 0 0 0 0 0 
460990000000020     1630504339479194 0 0 0 0 1 0 0 0 0 0 
460990000000096     1630504339582019 0 0 0 0 1 0 0 0 0 0 
460990000000041     1630504339693283 0 0 0 0 1 0 0 0 0 0 
460990000000045     1630504339756705 0 0 0 0 1 0 0 0 0 0 
460990000000077     1630504339964943 0 0 0 0 1 0 0 0 0 0 
460990000000038     1630504340055455 0 0 0 0 1 0 0 0 0 0 
460990000000042     1630504340155264 0 0 0 0 1 0 0 0 0 0 
460990000000068     1630504340450858 0 0 0 0 1 0 0 0 0 0 
460990000000018     1630504340562759 0 0 0 0 1 0 0 0 0 0 
460990000000075     1630504340639331 0 0 0 0 1 0 0 0 0 0 
460990000000060     1630504340704974 0 0 0 0 1 0 0 0 0 0 
460990000000054     1630504340783278 0 0 0 0 1 0 0 0 0 0 
460990000000095     1630504340879742 0 0 0 0 1 0 0 0 0 0 
460990000000047     1630504340944755 0 0 0 0 1 0 0 0 0 0 
460990000000049     1630504341010099 0 0 0 0 1 0 0 0 0 0 
460990000000066     1630504341070824 0 0 0 0 1 0 0 0 0 0 
460990000000056     1630504341141915 0 0 0 0 1 0 0 0 0 0 
460990000000051     1630504341246324 0 0 0 0 1 0 0 0 0 0 
460990000000048     1630504341525515 0 0 0 0 1 0 0 0 0 0 
460990000000003     1630504341593181 0 0 0 0 1 0 0 0 0 0 
460990000000070     1630504341659957 0 0 0 0 1 0 0 0 0 0 
460990000000071     1630504341753572 0 0 0 0 1 0 0 0 0 0 
460990000000043     1630504341859222 0 0 0 0 1 0 0 0 0 0 
460990000000058     1630504341953655 0 0 0 0 1 0 0 0 0 0 
460990000000099     1630504342142034 0 0 0 0 0 1 0 0 0 0 
460990000000065     1630504342235128 0 0 0 0 1 0 0 0 0 0 
460990000000100     1630504342591696 0 0 0 0 0 1 0 0 0 0 
460990000000039     1630504342659982 0 0 0 0 1 0 0 0 0 0 
460990000000009     1630504342741814 0 0 0 0 1 0 0 0 0 0 
460990000000028     1630504342822502 0 0 0 0 1 0 0 0 0 0 
460990000000011     1630504342875606 0 0 0 0 1 0 0 0 0 0 
460990000000037     1630504342935244 0 0 0 0 1 0 0 0 0 0 
460990000000098     1630504343046501 0 0 0 0 0 1 0 0 0 0 
460990000000093     1630504343147782 0 0 0 0 0 1 0 0 0 0 
460990000000090     1630504343261069 0 0 0 0 0 1 0 0 0 0 
460990000000094     1630504343559696 0 0 0 0 0 1 0 0 0 0 
460990000000079     1630504343657428 0 0 0 0 0 1 0 0 0 0 
460990000000092     1630504343883364 0 0 0 0 0 1 0 0 0 0 
460990000000089     1630504344031843 0 0 0 0 0 1 0 0 0 0 
460990000000097     1630504344129073 0 0 0 0 0 1 0 0 0 0 
460990000000057     1630504344228252 0 0 0 0 0 1 0 0 0 0 
460990000000040     1630504344326954 0 0 0 0 0 1 0 0 0 0 
460990000000036     1630504344437782 0 0 0 0 0 1 0 0 0 0 
460990000000086     1630504344748680 0 0 0 0 0 1 0 0 0 0 
460990000000081     1630504344858313 0 0 0 0 0 1 0 0 0 0 
460990000000019     1630504344939256 0 0 0 0 0 1 0 0 0 0 
460990000000083     1630504345054200 0 0 0 0 0 1 0 0 0 0 
460990000000026     1630504345152722 0 0 0 0 0 1 0 0 0 0 
460990000000082     1630504345265065 0 0 0 0 0 1 0 0 0 0 
460990000000035     1630504345350608 0 0 0 0 0 1 0 0 0 0 
460990000000017     1630504345423936 0 0 0 0 0 1 0 0 0 0 
460990000000088     1630504345503961 0 0 0 0 0 1 0 0 0 0 
460990000000014     1630504345769862 0 0 0 0 0 1 0 0 0 0 
460990000000046     1630504345854640 0 0 0 0 0 1 0 0 0 0 
460990000000027     1630504346086382 0 0 0 0 0 1 0 0 0 0 
460990000000050     1630504346168832 0 0 0 0 0 1 0 0 0 0 
460990000000032     1630504346256368 0 0 0 0 1 0 0 0 0 0 
460990000000033     1630504346301009 0 0 0 0 1 0 0 0 0 0 
460990000000013     1630504346362357 0 0 0 0 1 0 0 0 0 0 
460990000000059     1630504346415291 0 0 0 0 1 0 0 0 0 0 
460990000000012     1630504346488787 0 0 0 0 1 0 0 0 0 0 
460990000000062     1630504346546214 0 0 0 0 1 0 0 0 0 0 
460990000000064     1630504346620173 0 0 0 0 1 0 0 0 0 0 
460990000000015     1630504346689224 0 0 0 0 1 0 0 0 0 0 
460990000000069     1630504346736088 0 0 0 0 1 0 0 0 0 0 
460990000000052     1630504346800856 0 0 0 0 1 0 0 0 0 0 
460990000000029     1630504346918998 0 0 0 0 0 1 0 0 0 0 
460990000000074     1630504346986437 0 0 0 0 1 0 0 0 0 0 
460990000000087     1630504347182816 0 0 0 0 0 1 0 0 0 0 
460990000000001     1630504347619556 0 0 0 0 0 1 0 0 0 0 
460990000000016     1630504347811438 0 0 0 0 0 1 0 0 0 0 
460990000000006     1630504347990727 0 0 0 0 0 1 0 0 0 0 
460990000000004     1630504348166209 0 0 0 0 0 1 0 0 0 0 
460990000000025     1630504348344805 0 0 0 0 0 1 0 0 0 0 
460990000000005     1630504348542489 0 0 0 0 0 1 0 0 0 0 
460990000000084     1630504348726436 0 0 0 0 0 1 0 0 0 0 
460990000000002     1630504348906900 0 0 0 0 0 1 0 0 0 0 
460990000000034     1630504349089565 0 0 0 0 0 1 0 0 0 0 
460990000000007     1630504349289114 0 0 0 0 0 1 0 0 0 0 
460990000000044     1630504349467893 0 0 0 0 0 1 0 0 0 0 
460990000000085     1630504349650814 0 0 0 0 0 1 0 0 0 0 
460990000000030     1630504349851577 0 0 0 0 0 1 0 0 0 0 
460990000000072     1630504350052218 0 0 0 0 0 1 0 0 0 0 
460990000000008     1630504350230676 0 0 0 0 0 1 0 0 0 0 
460990000000022     1630504350406626 0 0 0 0 0 1 0 0 0 0 
460990000000010     1630504350584405 0 0 0 0 0 1 0 0 0 0 
460990000000024     1630504350782972 0 0 0 0 0 1 0 0 0 0 
460990000000076     1630504350961492 0 0 0 0 0 1 0 0 0 0 
460990000000067     1630504351139997 0 0 0 0 0 1 0 0 0 0 
460990000000078     1630504351322369 0 0 0 0 0 1 0 0 0 0 
460990000000023     1630504351514684 0 0 0 0 0 1 0 0 0 0 
460990000000031     1630504351694863 0 0 0 0 0 1 0 0 0 0 
460990000000021     1630504351872370 0 0 0 0 0 1 0 0 0 0 
460990000000091     1630504352058662 0 0 0 0 0 1 0 0 0 0 
460990000000063     1630504352254839 0 0 0 0 0 1 0 0 0 0 
460990000000073     1630504352432633 0 0 0 0 0 1 0 0 0 0 
460990000000055     1630504352613331 0 0 0 0 0 1 0 0 0 0 
460990000000053     1630504352789261 0 0 0 0 0 1 0 0 0 0 
460990000000061     1630504352984303 0 0 0 0 0 1 0 0 0 0 
460990000000020     1630504353161207 0 0 0 0 0 1 0 0 0 0 
460990000000096     1630504353349190 0 0 0 0 0 1 0 0 0 0 
460990000000041     1630504353550541 0 0 0 0 0 1 0 0 0 0 
460990000000045     1630504353750118 0 0 0 0 0 1 0 0 0 0 
460990000000077     1630504353939204 0 0 0 0 0 1 0 0 0 0 
460990000000038     1630504354119832 0 0 0 0 0 1 0 0 0 0 
460990000000042     1630504354302512 0 0 0 0 0 1 0 0 0 0 
460990000000068     1630504354506766 0 0 0 0 0 1 0 0 0 0 
460990000000018     1630504354683841 0 0 0 0 0 1 0 0 0 0 
460990000000075     1630504354864209 0 0 0 0 0 1 0 0 0 0 
460990000000060     1630504355043802 0 0 0 0 0 1 0 0 0 0 
460990000000054     1630504355240737 0 0 0 0 0 1 0 0 0 0 
460990000000095     1630504355423884 0 0 0 0 0 1 0 0 0 0 
460990000000047     1630504355604577 0 0 0 0 0 1 0 0 0 0 
460990000000049     1630504355783073 0 0 0 0 0 1 0 0 0 0 
460990000000066     1630504355965017 0 0 0 0 0 1 0 0 0 0 
460990000000056     1630504356160585 0 0 0 0 0 1 0 0 0 0 
460990000000051     1630504356330674 0 0 0 0 0 1 0 0 0 0 
460990000000048     1630504356544515 0 0 0 0 0 1 0 0 0 0 
460990000000003     1630504356771090 0 0 0 0 0 1 0 0 0 0 
460990000000070     1630504356960257 0 0 0 0 0 1 0 0 0 0 
460990000000071     1630504357169065 0 0 0 0 0 1 0 0 0 0 
460990000000043     1630504357365542 0 0 0 0 0 1 0 0 0 0 
460990000000058     1630504357578416 0 0 0 0 0 1 0 0 0 0 
460990000000099     1630504357794950 0 0 0 0 0 0 1 0 0 0 
460990000000099     1630504357795168 0 0 0 0 0 0 0 1 0 0 
460990000000065     1630504357981533 0 0 0 0 0 1 0 0 0 0 
460990000000100     1630504358260784 0 0 0 0 0 0 1 0 0 0 
460990000000100     1630504358261150 0 0 0 0 0 0 0 1 0 0 
460990000000039     1630504358430900 0 0 0 0 0 1 0 0 0 0 
460990000000009     1630504358639608 0 0 0 0 0 1 0 0 0 0 
460990000000028     1630504358835955 0 0 0 0 0 1 0 0 0 0 
460990000000011     1630504359028057 0 0 0 0 0 1 0 0 0 0 
460990000000037     1630504359236928 0 0 0 0 0 1 0 0 0 0 
460990000000098     1630504359427199 0 0 0 0 0 0 1 0 0 0 
460990000000098     1630504359427410 0 0 0 0 0 0 0 1 0 0 
460990000000093     1630504359605886 0 0 0 0 0 0 1 0 0 0 
460990000000093     1630504359606094 0 0 0 0 0 0 0 1 0 0 
460990000000090     1630504359787374 0 0 0 0 0 0 1 0 0 0 
460990000000090     1630504359787684 0 0 0 0 0 0 0 1 0 0 
460990000000094     1630504359979629 0 0 0 0 0 0 1 0 0 0 
460990000000094     1630504359979840 0 0 0 0 0 0 0 1 0 0 
460990000000079     1630504360284900 0 0 0 0 0 0 1 0 0 0 
460990000000079     1630504360285122 0 0 0 0 0 0 0 1 0 0 
460990000000092     1630504360585422 0 0 0 0 0 0 1 0 0 0 
460990000000092     1630504360585623 0 0 0 0 0 0 0 1 0 0 
460990000000089     1630504360843688 0 0 0 0 0 0 1 0 0 0 
460990000000089     1630504360843895 0 0 0 0 0 0 0 1 0 0 
460990000000097     1630504361015998 0 0 0 0 0 0 1 0 0 0 
460990000000097     1630504361016332 0 0 0 0 0 0 0 1 0 0 
460990000000057     1630504361261265 0 0 0 0 0 0 1 0 0 0 
460990000000057     1630504361261468 0 0 0 0 0 0 0 1 0 0 
460990000000040     1630504361441113 0 0 0 0 0 0 1 0 0 0 
460990000000040     1630504361441346 0 0 0 0 0 0 0 1 0 0 
460990000000036     1630504361757085 0 0 0 0 0 0 1 0 0 0 
460990000000036     1630504361757278 0 0 0 0 0 0 0 1 0 0 
460990000000086     1630504361933135 0 0 0 0 0 0 1 0 0 0 
460990000000086     1630504361933350 0 0 0 0 0 0 0 1 0 0 
460990000000081     1630504362274668 0 0 0 0 0 0 1 0 0 0 
460990000000081     1630504362274932 0 0 0 0 0 0 0 1 0 0 
460990000000019     1630504362463817 0 0 0 0 0 0 1 0 0 0 
460990000000019     1630504362464069 0 0 0 0 0 0 0 1 0 0 
460990000000083     1630504362652374 0 0 0 0 0 0 1 0 0 0 
460990000000083     1630504362652601 0 0 0 0 0 0 0 1 0 0 
460990000000026     1630504362905202 0 0 0 0 0 0 1 0 0 0 
460990000000026     1630504362905409 0 0 0 0 0 0 0 1 0 0 
460990000000082     1630504363172339 0 0 0 0 0 0 1 0 0 0 
460990000000082     1630504363172530 0 0 0 0 0 0 0 1 0 0 
460990000000035     1630504363411120 0 0 0 0 0 0 1 0 0 0 
460990000000035     1630504363411507 0 0 0 0 0 0 0 1 0 0 
460990000000017     1630504363690705 0 0 0 0 0 0 1 0 0 0 
460990000000017     1630504363690940 0 0 0 0 0 0 0 1 0 0 
460990000000088     1630504363839197 0 0 0 0 0 0 1 0 0 0 
460990000000088     1630504363839402 0 0 0 0 0 0 0 1 0 0 
460990000000014     1630504364020196 0 0 0 0 0 0 1 0 0 0 
460990000000014     1630504364020590 0 0 0 0 0 0 0 1 0 0 
460990000000046     1630504364316772 0 0 0 0 0 0 1 0 0 0 
460990000000046     1630504364317005 0 0 0 0 0 0 0 1 0 0 
460990000000050     1630504364843291 0 0 0 0 0 0 1 0 0 0 
460990000000050     1630504364843672 0 0 0 0 0 0 0 1 0 0 
460990000000032     1630504365023233 0 0 0 0 0 1 0 0 0 0 
460990000000033     1630504365215485 0 0 0 0 0 1 0 0 0 0 
460990000000013     1630504365407070 0 0 0 0 0 1 0 0 0 0 
460990000000059     1630504365597056 0 0 0 0 0 1 0 0 0 0 
460990000000012     1630504365795685 0 0 0 0 0 1 0 0 0 0 
460990000000062     1630504365984521 0 0 0 0 0 1 0 0 0 0 
460990000000064     1630504366187065 0 0 0 0 0 1 0 0 0 0 
460990000000015     1630504366369188 0 0 0 0 0 1 0 0 0 0 
460990000000069     1630504366553539 0 0 0 0 0 1 0 0 0 0 
460990000000052     1630504366757574 0 0 0 0 0 1 0 0 0 0 
460990000000029     1630504366928844 0 0 0 0 0 0 1 0 0 0 
460990000000029     1630504366929073 0 0 0 0 0 0 0 1 0 0 
460990000000074     1630504367226472 0 0 0 0 0 1 0 0 0 0 
460990000000087     1630504367408903 0 0 0 0 0 0 1 0 0 0 
460990000000087     1630504367409126 0 0 0 0 0 0 0 1 0 0 
460990000000001     1630504367607960 0 0 0 0 0 0 1 0 0 0 
460990000000001     1630504367608221 0 0 0 0 0 0 0 1 0 0 
460990000000016     1630504367806153 0 0 0 0 0 0 1 0 0 0 
460990000000016     1630504367806436 0 0 0 0 0 0 0 1 0 0 
460990000000006     1630504368009086 0 0 0 0 0 0 1 0 0 0 
460990000000006     1630504368009428 0 0 0 0 0 0 0 1 0 0 
460990000000004     1630504368378882 0 0 0 0 0 0 1 0 0 0 
460990000000004     1630504368379100 0 0 0 0 0 0 0 1 0 0 
460990000000025     1630504368578099 0 0 0 0 0 0 1 0 0 0 
460990000000025     1630504368578341 0 0 0 0 0 0 0 1 0 0 
460990000000005     1630504368808172 0 0 0 0 0 0 1 0 0 0 
460990000000005     1630504368808469 0 0 0 0 0 0 0 1 0 0 
460990000000084     1630504369033007 0 0 0 0 0 0 1 0 0 0 
460990000000084     1630504369033208 0 0 0 0 0 0 0 1 0 0 
460990000000002     1630504369376303 0 0 0 0 0 0 1 0 0 0 
460990000000002     1630504369376528 0 0 0 0 0 0 0 1 0 0 
460990000000034     1630504369573608 0 0 0 0 0 0 1 0 0 0 
460990000000034     1630504369573881 0 0 0 0 0 0 0 1 0 0 
460990000000007     1630504369779531 0 0 0 0 0 0 1 0 0 0 
460990000000007     1630504369779783 0 0 0 0 0 0 0 1 0 0 
460990000000044     1630504369976873 0 0 0 0 0 0 1 0 0 0 
460990000000044     1630504369977284 0 0 0 0 0 0 0 1 0 0 
460990000000085     1630504370287623 0 0 0 0 0 0 1 0 0 0 
460990000000085     1630504370287890 0 0 0 0 0 0 0 1 0 0 
460990000000030     1630504370509985 0 0 0 0 0 0 1 0 0 0 
460990000000030     1630504370510253 0 0 0 0 0 0 0 1 0 0 
460990000000072     1630504370710250 0 0 0 0 0 0 1 0 0 0 
460990000000072     1630504370710563 0 0 0 0 0 0 0 1 0 0 
460990000000008     1630504370911929 0 0 0 0 0 0 1 0 0 0 
460990000000008     1630504370912152 0 0 0 0 0 0 0 1 0 0 
460990000000022     1630504371156555 0 0 0 0 0 0 1 0 0 0 
460990000000022     1630504371156762 0 0 0 0 0 0 0 1 0 0 
460990000000010     1630504371498000 0 0 0 0 0 0 1 0 0 0 
460990000000010     1630504371498274 0 0 0 0 0 0 0 1 0 0 
460990000000024     1630504371687605 0 0 0 0 0 0 1 0 0 0 
460990000000024     1630504371687817 0 0 0 0 0 0 0 1 0 0 
460990000000076     1630504371891496 0 0 0 0 0 0 1 0 0 0 
460990000000076     1630504371891714 0 0 0 0 0 0 0 1 0 0 
460990000000067     1630504372123110 0 0 0 0 0 0 1 0 0 0 
460990000000067     1630504372123300 0 0 0 0 0 0 0 1 0 0 
460990000000078     1630504372418444 0 0 0 0 0 0 1 0 0 0 
460990000000078     1630504372418725 0 0 0 0 0 0 0 1 0 0 
460990000000023     1630504372598863 0 0 0 0 0 0 1 0 0 0 
460990000000023     1630504372599087 0 0 0 0 0 0 0 1 0 0 
460990000000031     1630504372797840 0 0 0 0 0 0 1 0 0 0 
460990000000031     1630504372798064 0 0 0 0 0 0 0 1 0 0 
460990000000021     1630504373127418 0 0 0 0 0 0 1 0 0 0 
460990000000021     1630504373127690 0 0 0 0 0 0 0 1 0 0 
460990000000091     1630504373320940 0 0 0 0 0 0 1 0 0 0 
460990000000091     1630504373321214 0 0 0 0 0 0 0 1 0 0 
460990000000063     1630504373537176 0 0 0 0 0 0 1 0 0 0 
460990000000063     1630504373537394 0 0 0 0 0 0 0 1 0 0 
460990000000073     1630504373794049 0 0 0 0 0 0 1 0 0 0 
460990000000073     1630504373794278 0 0 0 0 0 0 0 1 0 0 
460990000000055     1630504373991448 0 0 0 0 0 0 1 0 0 0 
460990000000055     1630504373991661 0 0 0 0 0 0 0 1 0 0 
460990000000053     1630504374300149 0 0 0 0 0 0 1 0 0 0 
460990000000053     1630504374300451 0 0 0 0 0 0 0 1 0 0 
460990000000061     1630504374526912 0 0 0 0 0 0 1 0 0 0 
460990000000061     1630504374527123 0 0 0 0 0 0 0 1 0 0 
460990000000020     1630504374718996 0 0 0 0 0 0 1 0 0 0 
460990000000020     1630504374719276 0 0 0 0 0 0 0 1 0 0 
460990000000096     1630504374974989 0 0 0 0 0 0 1 0 0 0 
460990000000096     1630504374975190 0 0 0 0 0 0 0 1 0 0 
460990000000041     1630504375165049 0 0 0 0 0 0 1 0 0 0 
460990000000041     1630504375165326 0 0 0 0 0 0 0 1 0 0 
460990000000045     1630504375514924 0 0 0 0 0 0 1 0 0 0 
460990000000045     1630504375515130 0 0 0 0 0 0 0 1 0 0 
460990000000077     1630504375715881 0 0 0 0 0 0 1 0 0 0 
460990000000077     1630504375716109 0 0 0 0 0 0 0 1 0 0 
460990000000038     1630504375964158 0 0 0 0 0 0 1 0 0 0 
460990000000038     1630504375964378 0 0 0 0 0 0 0 1 0 0 
460990000000042     1630504376149962 0 0 0 0 0 0 1 0 0 0 
460990000000042     1630504376150152 0 0 0 0 0 0 0 1 0 0 
460990000000068     1630504376380334 0 0 0 0 0 0 1 0 0 0 
460990000000068     1630504376380539 0 0 0 0 0 0 0 1 0 0 
460990000000018     1630504376711698 0 0 0 0 0 0 1 0 0 0 
460990000000018     1630504376711902 0 0 0 0 0 0 0 1 0 0 
460990000000075     1630504376959894 0 0 0 0 0 0 1 0 0 0 
460990000000075     1630504376960087 0 0 0 0 0 0 0 1 0 0 
460990000000060     1630504377187509 0 0 0 0 0 0 1 0 0 0 
460990000000060     1630504377187716 0 0 0 0 0 0 0 1 0 0 
460990000000054     1630504377385355 0 0 0 0 0 0 1 0 0 0 
460990000000054     1630504377385553 0 0 0 0 0 0 0 1 0 0 
460990000000095     1630504377600696 0 0 0 0 0 0 1 0 0 0 
460990000000095     1630504377600885 0 0 0 0 0 0 0 1 0 0 
460990000000047     1630504377925094 0 0 0 0 0 0 1 0 0 0 
460990000000047     1630504377925290 0 0 0 0 0 0 0 1 0 0 
460990000000049     1630504378153175 0 0 0 0 0 0 1 0 0 0 
460990000000049     1630504378153376 0 0 0 0 0 0 0 1 0 0 
460990000000066     1630504378408451 0 0 0 0 0 0 1 0 0 0 
460990000000066     1630504378408653 0 0 0 0 0 0 0 1 0 0 
460990000000056     1630504378582195 0 0 0 0 0 0 1 0 0 0 
460990000000056     1630504378582537 0 0 0 0 0 0 0 1 0 0 
460990000000051     1630504378820454 0 0 0 0 0 0 1 0 0 0 
460990000000051     1630504378820687 0 0 0 0 0 0 0 1 0 0 
460990000000048     1630504379127285 0 0 0 0 0 0 1 0 0 0 
460990000000048     1630504379127525 0 0 0 0 0 0 0 1 0 0 
460990000000003     1630504379461302 0 0 0 0 0 0 1 0 0 0 
460990000000003     1630504379461507 0 0 0 0 0 0 0 1 0 0 
460990000000070     1630504379683826 0 0 0 0 0 0 1 0 0 0 
460990000000070     1630504379684037 0 0 0 0 0 0 0 1 0 0 
460990000000071     1630504379888053 0 0 0 0 0 0 1 0 0 0 
460990000000071     1630504379888245 0 0 0 0 0 0 0 1 0 0 
460990000000043     1630504380142055 0 0 0 0 0 0 1 0 0 0 
460990000000043     1630504380142256 0 0 0 0 0 0 0 1 0 0 
460990000000058     1630504380330574 0 0 0 0 0 0 1 0 0 0 
460990000000058     1630504380330773 0 0 0 0 0 0 0 1 0 0 
460990000000099     1630504380661629 0 0 0 0 0 0 0 0 1 0 
460990000000065     1630504381018210 0 0 0 0 0 0 1 0 0 0 
460990000000065     1630504381018477 0 0 0 0 0 0 0 1 0 0 
460990000000100     1630504381205432 0 0 0 0 0 0 0 0 1 0 
460990000000039     1630504381595705 0 0 0 0 0 0 1 0 0 0 
460990000000039     1630504381595980 0 0 0 0 0 0 0 1 0 0 
460990000000009     1630504381780954 0 0 0 0 0 0 1 0 0 0 
460990000000009     1630504381781172 0 0 0 0 0 0 0 1 0 0 
460990000000028     1630504381979174 0 0 0 0 0 0 1 0 0 0 
460990000000028     1630504381979435 0 0 0 0 0 0 0 1 0 0 
460990000000011     1630504382181738 0 0 0 0 0 0 1 0 0 0 
460990000000011     1630504382181939 0 0 0 0 0 0 0 1 0 0 
460990000000037     1630504382394769 0 0 0 0 0 0 1 0 0 0 
460990000000037     1630504382394953 0 0 0 0 0 0 0 1 0 0 
460990000000098     1630504382590052 0 0 0 0 0 0 0 0 1 0 
460990000000093     1630504383210197 0 0 0 0 0 0 0 0 1 0 
460990000000090     1630504383570480 0 0 0 0 0 0 0 0 1 0 
460990000000094     1630504383924279 0 0 0 0 0 0 0 0 1 0 
460990000000079     1630504384272270 0 0 0 0 0 0 0 0 1 0 
460990000000092     1630504384629898 0 0 0 0 0 0 0 0 1 0 
460990000000089     1630504384993264 0 0 0 0 0 0 0 0 1 0 
460990000000097     1630504385343547 0 0 0 0 0 0 0 0 1 0 
460990000000057     1630504385710052 0 0 0 0 0 0 0 0 1 0 
460990000000040     1630504386059837 0 0 0 0 0 0 0 0 1 0 
460990000000036     1630504386423100 0 0 0 0 0 0 0 0 1 0 
460990000000086     1630504386765686 0 0 0 0 0 0 0 0 1 0 
460990000000081     1630504387131273 0 0 0 0 0 0 0 0 1 0 
460990000000019     1630504387469665 0 0 0 0 0 0 0 0 1 0 
460990000000083     1630504387812707 0 0 0 0 0 0 0 0 1 0 
460990000000026     1630504388183880 0 0 0 0 0 0 0 0 1 0 
460990000000082     1630504388549250 0 0 0 0 0 0 0 0 1 0 
460990000000035     1630504388929425 0 0 0 0 0 0 0 0 1 0 
460990000000017     1630504389244165 0 0 0 0 0 0 0 0 1 0 
460990000000088     1630504389627065 0 0 0 0 0 0 0 0 1 0 
460990000000014     1630504389977651 0 0 0 0 0 0 0 0 1 0 
460990000000046     1630504390344652 0 0 0 0 0 0 0 0 1 0 
460990000000050     1630504390733536 0 0 0 0 0 0 0 0 1 0 
460990000000032     1630504391084057 0 0 0 0 0 0 1 0 0 0 
460990000000032     1630504391084294 0 0 0 0 0 0 0 1 0 0 
460990000000033     1630504391300059 0 0 0 0 0 0 1 0 0 0 
460990000000033     1630504391300263 0 0 0 0 0 0 0 1 0 0 
460990000000013     1630504391516733 0 0 0 0 0 0 1 0 0 0 
460990000000013     1630504391516971 0 0 0 0 0 0 0 1 0 0 
460990000000059     1630504391735707 0 0 0 0 0 0 1 0 0 0 
460990000000059     1630504391735906 0 0 0 0 0 0 0 1 0 0 
460990000000012     1630504391936708 0 0 0 0 0 0 1 0 0 0 
460990000000012     1630504391936942 0 0 0 0 0 0 0 1 0 0 
460990000000062     1630504392181196 0 0 0 0 0 0 1 0 0 0 
460990000000062     1630504392181506 0 0 0 0 0 0 0 1 0 0 
460990000000064     1630504392385666 0 0 0 0 0 0 1 0 0 0 
460990000000064     1630504392385927 0 0 0 0 0 0 0 1 0 0 
460990000000015     1630504392585594 0 0 0 0 0 0 1 0 0 0 
460990000000015     1630504392585833 0 0 0 0 0 0 0 1 0 0 
460990000000069     1630504392798014 0 0 0 0 0 0 1 0 0 0 
460990000000069     1630504392798208 0 0 0 0 0 0 0 1 0 0 
460990000000052     1630504392991004 0 0 0 0 0 0 1 0 0 0 
460990000000052     1630504392991211 0 0 0 0 0 0 0 1 0 0 
460990000000029     1630504393204407 0 0 0 0 0 0 0 0 1 0 
460990000000074     1630504393625066 0 0 0 0 0 0 1 0 0 0 
460990000000074     1630504393625271 0 0 0 0 0 0 0 1 0 0 
460990000000087     1630504393803140 0 0 0 0 0 0 0 0 1 0 
460990000000001     1630504394184118 0 0 0 0 0 0 0 0 1 0 
460990000000016     1630504394542259 0 0 0 0 0 0 0 0 1 0 
460990000000006     1630504394913732 0 0 0 0 0 0 0 0 1 0 
460990000000004     1630504395277044 0 0 0 0 0 0 0 0 1 0 
460990000000025     1630504395639448 0 0 0 0 0 0 0 0 1 0 
460990000000005     1630504396098607 0 0 0 0 0 0 0 0 1 0 
460990000000084     1630504396472001 0 0 0 0 0 0 0 0 1 0 
460990000000002     1630504396853642 0 0 0 0 0 0 0 0 1 0 
460990000000034     1630504397212717 0 0 0 0 0 0 0 0 1 0 
460990000000007     1630504397585759 0 0 0 0 0 0 0 0 1 0 
460990000000044     1630504397940253 0 0 0 0 0 0 0 0 1 0 
460990000000085     1630504398335112 0 0 0 0 0 0 0 0 1 0 
460990000000030     1630504398683809 0 0 0 0 0 0 0 0 1 0 
460990000000072     1630504399072174 0 0 0 0 0 0 0 0 1 0 
460990000000008     1630504399441734 0 0 0 0 0 0 0 0 1 0 
460990000000022     1630504399814825 0 0 0 0 0 0 0 0 1 0 
460990000000010     1630504400175283 0 0 0 0 0 0 0 0 1 0 
460990000000024     1630504400565030 0 0 0 0 0 0 0 0 1 0 
460990000000076     1630504400923829 0 0 0 0 0 0 0 0 1 0 
460990000000067     1630504401283201 0 0 0 0 0 0 0 0 1 0 
460990000000078     1630504401672486 0 0 0 0 0 0 0 0 1 0 
460990000000023     1630504402042941 0 0 0 0 0 0 0 0 1 0 
460990000000031     1630504402421915 0 0 0 0 0 0 0 0 1 0 
460990000000021     1630504402782339 0 0 0 0 0 0 0 0 1 0 
460990000000091     1630504403149498 0 0 0 0 0 0 0 0 1 0 
460990000000063     1630504403501855 0 0 0 0 0 0 0 0 1 0 
460990000000073     1630504403875940 0 0 0 0 0 0 0 0 1 0 
460990000000055     1630504404229190 0 0 0 0 0 0 0 0 1 0 
460990000000053     1630504404593787 0 0 0 0 0 0 0 0 1 0 
460990000000061     1630504404937641 0 0 0 0 0 0 0 0 1 0 
460990000000020     1630504405328799 0 0 0 0 0 0 0 0 1 0 
460990000000096     1630504405665803 0 0 0 0 0 0 0 0 1 0 
460990000000041     1630504406006182 0 0 0 0 0 0 0 0 1 0 
460990000000045     1630504406389061 0 0 0 0 0 0 0 0 1 0 
460990000000077     1630504406747098 0 0 0 0 0 0 0 0 1 0 
460990000000038     1630504407142023 0 0 0 0 0 0 0 0 1 0 
460990000000042     1630504407501414 0 0 0 0 0 0 0 0 1 0 
460990000000068     1630504407875085 0 0 0 0 0 0 0 0 1 0 
460990000000018     1630504408242409 0 0 0 0 0 0 0 0 1 0 
460990000000075     1630504408612589 0 0 0 0 0 0 0 0 1 0 
460990000000060     1630504409015038 0 0 0 0 0 0 0 0 1 0 
460990000000054     1630504409358588 0 0 0 0 0 0 0 0 1 0 
460990000000095     1630504409742972 0 0 0 0 0 0 0 0 1 0 
460990000000047     1630504410107262 0 0 0 0 0 0 0 0 1 0 
460990000000049     1630504410482476 0 0 0 0 0 0 0 0 1 0 
460990000000066     1630504410841929 0 0 0 0 0 0 0 0 1 0 
460990000000056     1630504411238770 0 0 0 0 0 0 0 0 1 0 
460990000000051     1630504411611727 0 0 0 0 0 0 0 0 1 0 
460990000000048     1630504411997420 0 0 0 0 0 0 0 0 1 0 
460990000000003     1630504412323664 0 0 0 0 0 0 0 0 1 0 
460990000000070     1630504412702364 0 0 0 0 0 0 0 0 1 0 
460990000000071     1630504413033134 0 0 0 0 0 0 0 0 1 0 
460990000000043     1630504413414277 0 0 0 0 0 0 0 0 1 0 
460990000000058     1630504413794229 0 0 0 0 0 0 0 0 1 0 
460990000000065     1630504414175423 0 0 0 0 0 0 0 0 1 0 
460990000000099     1630504414560229 0 0 0 0 0 0 0 0 0 1 
460990000000100     1630504414748686 0 0 0 0 0 0 0 0 0 1 
460990000000039     1630504414888571 0 0 0 0 0 0 0 0 1 0 
460990000000009     1630504415276257 0 0 0 0 0 0 0 0 1 0 
460990000000028     1630504415637721 0 0 0 0 0 0 0 0 1 0 
460990000000011     1630504416050881 0 0 0 0 0 0 0 0 1 0 
460990000000098     1630504416432608 0 0 0 0 0 0 0 0 0 1 
460990000000093     1630504416594741 0 0 0 0 0 0 0 0 0 1 
460990000000094     1630504416754514 0 0 0 0 0 0 0 0 0 1 
460990000000090     1630504416941093 0 0 0 0 0 0 0 0 0 1 
460990000000037     1630504417203220 0 0 0 0 0 0 0 0 1 0 
460990000000092     1630504417412890 0 0 0 0 0 0 0 0 0 1 
460990000000079     1630504417732746 0 0 0 0 0 0 0 0 0 1 
460990000000057     1630504417918282 0 0 0 0 0 0 0 0 0 1 
460990000000089     1630504418053842 0 0 0 0 0 0 0 0 0 1 
460990000000040     1630504418327962 0 0 0 0 0 0 0 0 0 1 
460990000000097     1630504418525109 0 0 0 0 0 0 0 0 0 1 
460990000000036     1630504418691017 0 0 0 0 0 0 0 0 0 1 
460990000000086     1630504418854917 0 0 0 0 0 0 0 0 0 1 
460990000000081     1630504419023828 0 0 0 0 0 0 0 0 0 1 
460990000000019     1630504419195018 0 0 0 0 0 0 0 0 0 1 
460990000000083     1630504419475968 0 0 0 0 0 0 0 0 0 1 
460990000000026     1630504419644657 0 0 0 0 0 0 0 0 0 1 
460990000000035     1630504419812749 0 0 0 0 0 0 0 0 0 1 
460990000000082     1630504420014631 0 0 0 0 0 0 0 0 0 1 
460990000000017     1630504420189927 0 0 0 0 0 0 0 0 0 1 
460990000000088     1630504420488289 0 0 0 0 0 0 0 0 0 1 
460990000000014     1630504420636469 0 0 0 0 0 0 0 0 0 1 
460990000000050     1630504420823462 0 0 0 0 0 0 0 0 0 1 
460990000000046     1630504421170261 0 0 0 0 0 0 0 0 0 1 
460990000000032     1630504421335249 0 0 0 0 0 0 0 0 1 0 
460990000000029     1630504421578545 0 0 0 0 0 0 0 0 0 1 
460990000000016     1630504421692718 0 0 0 0 0 0 0 0 0 1 
460990000000087     1630504421960318 0 0 0 0 0 0 0 0 0 1 
460990000000004     1630504422154207 0 0 0 0 0 0 0 0 0 1 
460990000000001     1630504422321994 0 0 0 0 0 0 0 0 0 1 
460990000000033     1630504422462351 0 0 0 0 0 0 0 0 1 0 
460990000000025     1630504422668735 0 0 0 0 0 0 0 0 0 1 
460990000000006     1630504422818441 0 0 0 0 0 0 0 0 0 1 
460990000000005     1630504423294693 0 0 0 0 0 0 0 0 0 1 
460990000000084     1630504423429651 0 0 0 0 0 0 0 0 0 1 
460990000000002     1630504423696494 0 0 0 0 0 0 0 0 0 1 
460990000000007     1630504423871010 0 0 0 0 0 0 0 0 0 1 
460990000000034     1630504424170040 0 0 0 0 0 0 0 0 0 1 
460990000000013     1630504424346823 0 0 0 0 0 0 0 0 1 0 
460990000000085     1630504424552993 0 0 0 0 0 0 0 0 0 1 
460990000000044     1630504424729663 0 0 0 0 0 0 0 0 0 1 
460990000000030     1630504424900340 0 0 0 0 0 0 0 0 0 1 
460990000000022     1630504425349021 0 0 0 0 0 0 0 0 0 1 
460990000000072     1630504425517181 0 0 0 0 0 0 0 0 0 1 
460990000000024     1630504425703574 0 0 0 0 0 0 0 0 0 1 
460990000000059     1630504425865441 0 0 0 0 0 0 0 0 1 0 
460990000000008     1630504426068457 0 0 0 0 0 0 0 0 0 1 
460990000000076     1630504426322677 0 0 0 0 0 0 0 0 0 1 
460990000000010     1630504426517184 0 0 0 0 0 0 0 0 0 1 
460990000000023     1630504426685802 0 0 0 0 0 0 0 0 0 1 
460990000000067     1630504426866397 0 0 0 0 0 0 0 0 0 1 
460990000000031     1630504427035284 0 0 0 0 0 0 0 0 0 1 
460990000000078     1630504427200879 0 0 0 0 0 0 0 0 0 1 
460990000000021     1630504427685679 0 0 0 0 0 0 0 0 0 1 
460990000000091     1630504427844956 0 0 0 0 0 0 0 0 0 1 
460990000000063     1630504428035139 0 0 0 0 0 0 0 0 0 1 
460990000000073     1630504428202244 0 0 0 0 0 0 0 0 0 1 
460990000000012     1630504428472354 0 0 0 0 0 0 0 0 1 0 
460990000000055     1630504428676904 0 0 0 0 0 0 0 0 0 1 
460990000000053     1630504429350640 0 0 0 0 0 0 0 0 0 1 
460990000000020     1630504429810641 0 0 0 0 0 0 0 0 0 1 
460990000000061     1630504429982999 0 0 0 0 0 0 0 0 0 1 
460990000000041     1630504430462626 0 0 0 0 0 0 0 0 0 1 
460990000000096     1630504430886987 0 0 0 0 0 0 0 0 0 1 
460990000000062     1630504431031405 0 0 0 0 0 0 0 0 1 0 
460990000000045     1630504431310927 0 0 0 0 0 0 0 0 0 1 
460990000000068     1630504431903769 0 0 0 0 0 0 0 0 0 1 
460990000000077     1630504432491508 0 0 0 0 0 0 0 0 0 1 
460990000000018     1630504433036589 0 0 0 0 0 0 0 0 0 1 
460990000000038     1630504433398402 0 0 0 0 0 0 0 0 0 1 
460990000000075     1630504434021272 0 0 0 0 0 0 0 0 0 1 
460990000000042     1630504434262257 0 0 0 0 0 0 0 0 0 1 
460990000000060     1630504434512848 0 0 0 0 0 0 0 0 0 1 
460990000000054     1630504435084517 0 0 0 0 0 0 0 0 0 1 
460990000000064     1630504435342678 0 0 0 0 0 0 0 0 1 0 
460990000000095     1630504435597885 0 0 0 0 0 0 0 0 0 1 
460990000000049     1630504436113816 0 0 0 0 0 0 0 0 0 1 
460990000000047     1630504436281569 0 0 0 0 0 0 0 0 0 1 
460990000000066     1630504436705862 0 0 0 0 0 0 0 0 0 1 
460990000000048     1630504437201918 0 0 0 0 0 0 0 0 0 1 
460990000000056     1630504437410288 0 0 0 0 0 0 0 0 0 1 
460990000000003     1630504437646755 0 0 0 0 0 0 0 0 0 1 
460990000000051     1630504437849333 0 0 0 0 0 0 0 0 0 1 
460990000000015     1630504438376225 0 0 0 0 0 0 0 0 1 0 
460990000000070     1630504438587023 0 0 0 0 0 0 0 0 0 1 
460990000000043     1630504438773937 0 0 0 0 0 0 0 0 0 1 
460990000000071     1630504439330316 0 0 0 0 0 0 0 0 0 1 
460990000000058     1630504439480177 0 0 0 0 0 0 0 0 0 1 
460990000000065     1630504440217926 0 0 0 0 0 0 0 0 0 1 
460990000000039     1630504440467139 0 0 0 0 0 0 0 0 0 1 
460990000000009     1630504440622129 0 0 0 0 0 0 0 0 0 1 
460990000000069     1630504441221366 0 0 0 0 0 0 0 0 1 0 
460990000000028     1630504441496463 0 0 0 0 0 0 0 0 0 1 
460990000000011     1630504442368566 0 0 0 0 0 0 0 0 0 1 
460990000000032     1630504442574487 0 0 0 0 0 0 0 0 0 1 
460990000000074     1630504442714535 0 0 0 0 0 0 0 0 1 0 
460990000000037     1630504443390781 0 0 0 0 0 0 0 0 0 1 
460990000000052     1630504443581684 0 0 0 0 0 0 0 0 1 0 
460990000000059     1630504443793575 0 0 0 0 0 0 0 0 0 1 
460990000000033     1630504444003070 0 0 0 0 0 0 0 0 0 1 
460990000000012     1630504444823929 0 0 0 0 0 0 0 0 0 1 
460990000000013     1630504444986776 0 0 0 0 0 0 0 0 0 1 
460990000000062     1630504445542265 0 0 0 0 0 0 0 0 0 1 
460990000000064     1630504457868530 0 0 0 0 0 0 0 0 0 1 
460990000000015     1630504460447208 0 0 0 0 0 0 0 0 0 1 
460990000000069     1630504461650394 0 0 0 0 0 0 0 0 0 1 
460990000000052     1630504462068065 0 0 0 0 0 0 0 0 0 1 
460990000000074     1630504463399733 0 0 0 0 0 0 0 0 0 1 
