460990000000100     1630503548580317	1	0	0	0	0	0	0	0	0	0	
460990000000100     1630503548580579 0 1 0 0 0 0 0 0 0 0 
460990000000099     1630503548580859	1	0	0	0	0	0	0	0	0	0	
460990000000098     1630503548580876	1	0	0	0	0	0	0	0	0	0	
460990000000099     1630503548580964 0 1 0 0 0 0 0 0 0 0 
460990000000100     1630503548580676 0 0 1 0 0 0 0 0 0 0 
460990000000098     1630503548581028 0 1 0 0 0 0 0 0 0 0 
460990000000099     1630503548581094 0 0 1 0 0 0 0 0 0 0 
460990000000097     1630503548581260	1	0	0	0	0	0	0	0	0	0	
460990000000097     1630503548581648 0 1 0 0 0 0 0 0 0 0 
460990000000097     1630503548581842 0 0 1 0 0 0 0 0 0 0 
460990000000098     1630503548581369 0 0 1 0 0 0 0 0 0 0 
460990000000099     1630503548582458 0 0 0 1 0 0 0 0 0 0 
460990000000100     1630503548582294 0 0 0 1 0 0 0 0 0 0 
460990000000097     1630503548583174 0 0 0 1 0 0 0 0 0 0 
460990000000098     1630503548583272 0 0 0 1 0 0 0 0 0 0 
460990000000090     1630503548584072	1	0	0	0	0	0	0	0	0	0	
460990000000094     1630503548584089	1	0	0	0	0	0	0	0	0	0	
460990000000090     1630503548584284 0 1 0 0 0 0 0 0 0 0 
460990000000094     1630503548584399 0 1 0 0 0 0 0 0 0 0 
460990000000094     1630503548584518 0 0 1 0 0 0 0 0 0 0 
460990000000090     1630503548584379 0 0 1 0 0 0 0 0 0 0 
460990000000093     1630503548584090	1	0	0	0	0	0	0	0	0	0	
460990000000088     1630503548584635	1	0	0	0	0	0	0	0	0	0	
460990000000093     1630503548585083 0 1 0 0 0 0 0 0 0 0 
460990000000093     1630503548585387 0 0 1 0 0 0 0 0 0 0 
460990000000090     1630503548585462 0 0 0 1 0 0 0 0 0 0 
460990000000092     1630503548585708	1	0	0	0	0	0	0	0	0	0	
460990000000093     1630503548585729 0 0 0 1 0 0 0 0 0 0 
460990000000092     1630503548585839 0 1 0 0 0 0 0 0 0 0 
460990000000092     1630503548585920 0 0 1 0 0 0 0 0 0 0 
460990000000087     1630503548586210	1	0	0	0	0	0	0	0	0	0	
460990000000082     1630503548588478	1	0	0	0	0	0	0	0	0	0	
460990000000088     1630503548589181 0 1 0 0 0 0 0 0 0 0 
460990000000088     1630503548589343 0 0 1 0 0 0 0 0 0 0 
460990000000087     1630503548589616 0 1 0 0 0 0 0 0 0 0 
460990000000087     1630503548589746 0 0 1 0 0 0 0 0 0 0 
460990000000086     1630503548590606	1	0	0	0	0	0	0	0	0	0	
460990000000088     1630503548590636 0 0 0 1 0 0 0 0 0 0 
460990000000080     1630503548590690	1	0	0	0	0	0	0	0	0	0	
460990000000080     1630503548590810 0 1 0 0 0 0 0 0 0 0 
460990000000080     1630503548590938 0 0 1 0 0 0 0 0 0 0 
460990000000086     1630503548591262 0 1 0 0 0 0 0 0 0 0 
460990000000086     1630503548591423 0 0 1 0 0 0 0 0 0 0 
460990000000094     1630503548591588 0 0 0 1 0 0 0 0 0 0 
460990000000084     1630503548591911	1	0	0	0	0	0	0	0	0	0	
460990000000087     1630503548593119 0 0 0 1 0 0 0 0 0 0 
460990000000082     1630503548593457 0 1 0 0 0 0 0 0 0 0 
460990000000084     1630503548594036 0 1 0 0 0 0 0 0 0 0 
460990000000082     1630503548593736 0 0 1 0 0 0 0 0 0 0 
460990000000085     1630503548594744	1	0	0	0	0	0	0	0	0	0	
460990000000084     1630503548594952 0 0 1 0 0 0 0 0 0 0 
460990000000017     1630503548596481	1	0	0	0	0	0	0	0	0	0	
460990000000014     1630503548596081	1	0	0	0	0	0	0	0	0	0	
460990000000085     1630503548596405 0 1 0 0 0 0 0 0 0 0 
460990000000019     1630503548598633	1	0	0	0	0	0	0	0	0	0	
460990000000057     1630503548598559	1	0	0	0	0	0	0	0	0	0	
460990000000080     1630503548599532 0 0 0 1 0 0 0 0 0 0 
460990000000086     1630503548599759 0 0 0 1 0 0 0 0 0 0 
460990000000085     1630503548599783 0 0 1 0 0 0 0 0 0 0 
460990000000092     1630503548612475 0 0 0 1 0 0 0 0 0 0 
460990000000027     1630503548612527	1	0	0	0	0	0	0	0	0	0	
460990000000082     1630503548612322 0 0 0 1 0 0 0 0 0 0 
460990000000027     1630503548612853 0 1 0 0 0 0 0 0 0 0 
460990000000029     1630503548613284	1	0	0	0	0	0	0	0	0	0	
460990000000026     1630503548613480	1	0	0	0	0	0	0	0	0	0	
460990000000026     1630503548613589 0 1 0 0 0 0 0 0 0 0 
460990000000026     1630503548613697 0 0 1 0 0 0 0 0 0 0 
460990000000019     1630503548613006 0 1 0 0 0 0 0 0 0 0 
460990000000084     1630503548613843 0 0 0 1 0 0 0 0 0 0 
460990000000025     1630503548614293	1	0	0	0	0	0	0	0	0	0	
460990000000025     1630503548614487 0 1 0 0 0 0 0 0 0 0 
460990000000025     1630503548614566 0 0 1 0 0 0 0 0 0 0 
460990000000019     1630503548614901 0 0 1 0 0 0 0 0 0 0 
460990000000027     1630503548614978 0 0 1 0 0 0 0 0 0 0 
460990000000017     1630503548615095 0 1 0 0 0 0 0 0 0 0 
460990000000079     1630503548615495	1	0	0	0	0	0	0	0	0	0	
460990000000057     1630503548615490 0 1 0 0 0 0 0 0 0 0 
460990000000079     1630503548615589 0 1 0 0 0 0 0 0 0 0 
460990000000083     1630503548615582	1	0	0	0	0	0	0	0	0	0	
460990000000079     1630503548615707 0 0 1 0 0 0 0 0 0 0 
460990000000057     1630503548616003 0 0 1 0 0 0 0 0 0 0 
460990000000083     1630503548616341 0 1 0 0 0 0 0 0 0 0 
460990000000017     1630503548616352 0 0 1 0 0 0 0 0 0 0 
460990000000005     1630503548616419	1	0	0	0	0	0	0	0	0	0	
460990000000005     1630503548616488 0 1 0 0 0 0 0 0 0 0 
460990000000036     1630503548616617	1	0	0	0	0	0	0	0	0	0	
460990000000036     1630503548616833 0 1 0 0 0 0 0 0 0 0 
460990000000029     1630503548616922 0 1 0 0 0 0 0 0 0 0 
460990000000036     1630503548617080 0 0 1 0 0 0 0 0 0 0 
460990000000005     1630503548616682 0 0 1 0 0 0 0 0 0 0 
460990000000083     1630503548617265 0 0 1 0 0 0 0 0 0 0 
460990000000014     1630503548617384 0 1 0 0 0 0 0 0 0 0 
460990000000032     1630503548617697	1	0	0	0	0	0	0	0	0	0	
460990000000032     1630503548618338 0 1 0 0 0 0 0 0 0 0 
460990000000014     1630503548618407 0 0 1 0 0 0 0 0 0 0 
460990000000032     1630503548618424 0 0 1 0 0 0 0 0 0 0 
460990000000029     1630503548617345 0 0 1 0 0 0 0 0 0 0 
460990000000006     1630503548618495	1	0	0	0	0	0	0	0	0	0	
460990000000034     1630503548618588	1	0	0	0	0	0	0	0	0	0	
460990000000034     1630503548618644 0 1 0 0 0 0 0 0 0 0 
460990000000006     1630503548618676 0 1 0 0 0 0 0 0 0 0 
460990000000006     1630503548618750 0 0 1 0 0 0 0 0 0 0 
460990000000025     1630503548619209 0 0 0 1 0 0 0 0 0 0 
460990000000034     1630503548619114 0 0 1 0 0 0 0 0 0 0 
460990000000081     1630503548619309	1	0	0	0	0	0	0	0	0	0	
460990000000079     1630503548619420 0 0 0 1 0 0 0 0 0 0 
460990000000085     1630503548619518 0 0 0 1 0 0 0 0 0 0 
460990000000081     1630503548619676 0 1 0 0 0 0 0 0 0 0 
460990000000046     1630503548619758	1	0	0	0	0	0	0	0	0	0	
460990000000017     1630503548619771 0 0 0 1 0 0 0 0 0 0 
460990000000002     1630503548619000	1	0	0	0	0	0	0	0	0	0	
460990000000032     1630503548619880 0 0 0 1 0 0 0 0 0 0 
460990000000026     1630503548619927 0 0 0 1 0 0 0 0 0 0 
460990000000005     1630503548619937 0 0 0 1 0 0 0 0 0 0 
460990000000002     1630503548620013 0 1 0 0 0 0 0 0 0 0 
460990000000027     1630503548620033 0 0 0 1 0 0 0 0 0 0 
460990000000046     1630503548620307 0 1 0 0 0 0 0 0 0 0 
460990000000029     1630503548620465 0 0 0 1 0 0 0 0 0 0 
460990000000034     1630503548619739 0 0 0 1 0 0 0 0 0 0 
460990000000081     1630503548619808 0 0 1 0 0 0 0 0 0 0 
460990000000001     1630503548620143	1	0	0	0	0	0	0	0	0	0	
460990000000014     1630503548619755 0 0 0 1 0 0 0 0 0 0 
460990000000036     1630503548620596 0 0 0 1 0 0 0 0 0 0 
460990000000007     1630503548620673	1	0	0	0	0	0	0	0	0	0	
460990000000002     1630503548620806 0 0 1 0 0 0 0 0 0 0 
460990000000046     1630503548620936 0 0 1 0 0 0 0 0 0 0 
460990000000019     1630503548620876 0 0 0 1 0 0 0 0 0 0 
460990000000007     1630503548621568 0 1 0 0 0 0 0 0 0 0 
460990000000030     1630503548621615	1	0	0	0	0	0	0	0	0	0	
460990000000007     1630503548621652 0 0 1 0 0 0 0 0 0 0 
460990000000057     1630503548622014 0 0 0 1 0 0 0 0 0 0 
460990000000030     1630503548622158 0 1 0 0 0 0 0 0 0 0 
460990000000030     1630503548622485 0 0 1 0 0 0 0 0 0 0 
460990000000083     1630503548622749 0 0 0 1 0 0 0 0 0 0 
460990000000006     1630503548622954 0 0 0 1 0 0 0 0 0 0 
460990000000024     1630503548623857	1	0	0	0	0	0	0	0	0	0	
460990000000024     1630503548624016 0 1 0 0 0 0 0 0 0 0 
460990000000001     1630503548624161 0 1 0 0 0 0 0 0 0 0 
460990000000040     1630503548624205	1	0	0	0	0	0	0	0	0	0	
460990000000001     1630503548624490 0 0 1 0 0 0 0 0 0 0 
460990000000040     1630503548624515 0 1 0 0 0 0 0 0 0 0 
460990000000024     1630503548624604 0 0 1 0 0 0 0 0 0 0 
460990000000040     1630503548626025 0 0 1 0 0 0 0 0 0 0 
460990000000072     1630503548626431	1	0	0	0	0	0	0	0	0	0	
460990000000072     1630503548626500 0 1 0 0 0 0 0 0 0 0 
460990000000081     1630503548626675 0 0 0 1 0 0 0 0 0 0 
460990000000072     1630503548626652 0 0 1 0 0 0 0 0 0 0 
460990000000022     1630503548628084	1	0	0	0	0	0	0	0	0	0	
460990000000016     1630503548628500	1	0	0	0	0	0	0	0	0	0	
460990000000016     1630503548628604 0 1 0 0 0 0 0 0 0 0 
460990000000016     1630503548628704 0 0 1 0 0 0 0 0 0 0 
460990000000050     1630503548629250	1	0	0	0	0	0	0	0	0	0	
460990000000013     1630503548629691	1	0	0	0	0	0	0	0	0	0	
460990000000013     1630503548629769 0 1 0 0 0 0 0 0 0 0 
460990000000013     1630503548629838 0 0 1 0 0 0 0 0 0 0 
460990000000050     1630503548629930 0 1 0 0 0 0 0 0 0 0 
460990000000022     1630503548630290 0 1 0 0 0 0 0 0 0 0 
460990000000010     1630503548630425	1	0	0	0	0	0	0	0	0	0	
460990000000010     1630503548630655 0 1 0 0 0 0 0 0 0 0 
460990000000050     1630503548630764 0 0 1 0 0 0 0 0 0 0 
460990000000010     1630503548630845 0 0 1 0 0 0 0 0 0 0 
460990000000021     1630503548632047	1	0	0	0	0	0	0	0	0	0	
460990000000022     1630503548630973 0 0 1 0 0 0 0 0 0 0 
460990000000008     1630503548632104	1	0	0	0	0	0	0	0	0	0	
460990000000008     1630503548633284 0 1 0 0 0 0 0 0 0 0 
460990000000066     1630503548633341	1	0	0	0	0	0	0	0	0	0	
460990000000076     1630503548632068	1	0	0	0	0	0	0	0	0	0	
460990000000066     1630503548633528 0 1 0 0 0 0 0 0 0 0 
460990000000076     1630503548633485 0 1 0 0 0 0 0 0 0 0 
460990000000059     1630503548633730	1	0	0	0	0	0	0	0	0	0	
460990000000076     1630503548633914 0 0 1 0 0 0 0 0 0 0 
460990000000002     1630503548633753 0 0 0 1 0 0 0 0 0 0 
460990000000061     1630503548634177	1	0	0	0	0	0	0	0	0	0	
460990000000021     1630503548634345 0 1 0 0 0 0 0 0 0 0 
460990000000067     1630503548634317	1	0	0	0	0	0	0	0	0	0	
460990000000037     1630503548634434	1	0	0	0	0	0	0	0	0	0	
460990000000031     1630503548634692	1	0	0	0	0	0	0	0	0	0	
460990000000020     1630503548634808	1	0	0	0	0	0	0	0	0	0	
460990000000031     1630503548634862 0 1 0 0 0 0 0 0 0 0 
460990000000020     1630503548634893 0 1 0 0 0 0 0 0 0 0 
460990000000020     1630503548634973 0 0 1 0 0 0 0 0 0 0 
460990000000031     1630503548635002 0 0 1 0 0 0 0 0 0 0 
460990000000073     1630503548635008	1	0	0	0	0	0	0	0	0	0	
460990000000096     1630503548635100	1	0	0	0	0	0	0	0	0	0	
460990000000073     1630503548635318 0 1 0 0 0 0 0 0 0 0 
460990000000061     1630503548635440 0 1 0 0 0 0 0 0 0 0 
460990000000073     1630503548635437 0 0 1 0 0 0 0 0 0 0 
460990000000008     1630503548635981 0 0 1 0 0 0 0 0 0 0 
460990000000028     1630503548640214	1	0	0	0	0	0	0	0	0	0	
460990000000028     1630503548640378 0 1 0 0 0 0 0 0 0 0 
460990000000061     1630503548640373 0 0 1 0 0 0 0 0 0 0 
460990000000096     1630503548640465 0 1 0 0 0 0 0 0 0 0 
460990000000028     1630503548640487 0 0 1 0 0 0 0 0 0 0 
460990000000041     1630503548640564	1	0	0	0	0	0	0	0	0	0	
460990000000096     1630503548640750 0 0 1 0 0 0 0 0 0 0 
460990000000021     1630503548641658 0 0 1 0 0 0 0 0 0 0 
460990000000004     1630503548642274	1	0	0	0	0	0	0	0	0	0	
460990000000011     1630503548642351	1	0	0	0	0	0	0	0	0	0	
460990000000011     1630503548642518 0 1 0 0 0 0 0 0 0 0 
460990000000067     1630503548642645 0 1 0 0 0 0 0 0 0 0 
460990000000067     1630503548642758 0 0 1 0 0 0 0 0 0 0 
460990000000011     1630503548643101 0 0 1 0 0 0 0 0 0 0 
460990000000066     1630503548643815 0 0 1 0 0 0 0 0 0 0 
460990000000059     1630503548644328 0 1 0 0 0 0 0 0 0 0 
460990000000012     1630503548645326	1	0	0	0	0	0	0	0	0	0	
460990000000058     1630503548645411	1	0	0	0	0	0	0	0	0	0	
460990000000059     1630503548645447 0 0 1 0 0 0 0 0 0 0 
460990000000012     1630503548645639 0 1 0 0 0 0 0 0 0 0 
460990000000038     1630503548645670	1	0	0	0	0	0	0	0	0	0	
460990000000063     1630503548645844	1	0	0	0	0	0	0	0	0	0	
460990000000091     1630503548645933	1	0	0	0	0	0	0	0	0	0	
460990000000058     1630503548645972 0 1 0 0 0 0 0 0 0 0 
460990000000063     1630503548646066 0 1 0 0 0 0 0 0 0 0 
460990000000038     1630503548646102 0 1 0 0 0 0 0 0 0 0 
460990000000041     1630503548646177 0 1 0 0 0 0 0 0 0 0 
460990000000041     1630503548646234 0 0 1 0 0 0 0 0 0 0 
460990000000039     1630503548646365	1	0	0	0	0	0	0	0	0	0	
460990000000039     1630503548646499 0 1 0 0 0 0 0 0 0 0 
460990000000038     1630503548646425 0 0 1 0 0 0 0 0 0 0 
460990000000039     1630503548646646 0 0 1 0 0 0 0 0 0 0 
460990000000037     1630503548640447 0 1 0 0 0 0 0 0 0 0 
460990000000037     1630503548646859 0 0 1 0 0 0 0 0 0 0 
460990000000060     1630503548647375	1	0	0	0	0	0	0	0	0	0	
460990000000078     1630503548647469	1	0	0	0	0	0	0	0	0	0	
460990000000091     1630503548647686 0 1 0 0 0 0 0 0 0 0 
460990000000058     1630503548647898 0 0 1 0 0 0 0 0 0 0 
460990000000012     1630503548647992 0 0 1 0 0 0 0 0 0 0 
460990000000065     1630503548648306	1	0	0	0	0	0	0	0	0	0	
460990000000075     1630503548648324	1	0	0	0	0	0	0	0	0	0	
460990000000075     1630503548648430 0 1 0 0 0 0 0 0 0 0 
460990000000047     1630503548648531	1	0	0	0	0	0	0	0	0	0	
460990000000075     1630503548648552 0 0 1 0 0 0 0 0 0 0 
460990000000091     1630503548648966 0 0 1 0 0 0 0 0 0 0 
460990000000004     1630503548649052 0 1 0 0 0 0 0 0 0 0 
460990000000053     1630503548649048	1	0	0	0	0	0	0	0	0	0	
460990000000004     1630503548649133 0 0 1 0 0 0 0 0 0 0 
460990000000053     1630503548649167 0 1 0 0 0 0 0 0 0 0 
460990000000053     1630503548649266 0 0 1 0 0 0 0 0 0 0 
460990000000078     1630503548649472 0 1 0 0 0 0 0 0 0 0 
460990000000007     1630503548649534 0 0 0 1 0 0 0 0 0 0 
460990000000078     1630503548649623 0 0 1 0 0 0 0 0 0 0 
460990000000046     1630503548652945 0 0 0 1 0 0 0 0 0 0 
460990000000063     1630503548653273 0 0 1 0 0 0 0 0 0 0 
460990000000062     1630503548653368	1	0	0	0	0	0	0	0	0	0	
460990000000074     1630503548653640	1	0	0	0	0	0	0	0	0	0	
460990000000074     1630503548653725 0 1 0 0 0 0 0 0 0 0 
460990000000047     1630503548653849 0 1 0 0 0 0 0 0 0 0 
460990000000074     1630503548653852 0 0 1 0 0 0 0 0 0 0 
460990000000062     1630503548653923 0 1 0 0 0 0 0 0 0 0 
460990000000052     1630503548653935	1	0	0	0	0	0	0	0	0	0	
460990000000065     1630503548653964 0 1 0 0 0 0 0 0 0 0 
460990000000060     1630503548653980 0 1 0 0 0 0 0 0 0 0 
460990000000052     1630503548654019 0 1 0 0 0 0 0 0 0 0 
460990000000065     1630503548654083 0 0 1 0 0 0 0 0 0 0 
460990000000062     1630503548654112 0 0 1 0 0 0 0 0 0 0 
460990000000052     1630503548654153 0 0 1 0 0 0 0 0 0 0 
460990000000064     1630503548653955	1	0	0	0	0	0	0	0	0	0	
460990000000060     1630503548654301 0 0 1 0 0 0 0 0 0 0 
460990000000030     1630503548654322 0 0 0 1 0 0 0 0 0 0 
460990000000064     1630503548654523 0 1 0 0 0 0 0 0 0 0 
460990000000047     1630503548654550 0 0 1 0 0 0 0 0 0 0 
460990000000064     1630503548654850 0 0 1 0 0 0 0 0 0 0 
460990000000072     1630503548682180 0 0 0 1 0 0 0 0 0 0 
460990000000024     1630503548714246 0 0 0 1 0 0 0 0 0 0 
460990000000040     1630503548714232 0 0 0 1 0 0 0 0 0 0 
460990000000016     1630503548714501 0 0 0 1 0 0 0 0 0 0 
460990000000013     1630503548717512 0 0 0 1 0 0 0 0 0 0 
460990000000050     1630503548720615 0 0 0 1 0 0 0 0 0 0 
460990000000010     1630503548721224 0 0 0 1 0 0 0 0 0 0 
460990000000076     1630503548753334 0 0 0 1 0 0 0 0 0 0 
460990000000100     1630503548753494 0 0 0 0 1 0 0 0 0 0 
460990000000020     1630503548780259 0 0 0 1 0 0 0 0 0 0 
460990000000096     1630503548792633 0 0 0 1 0 0 0 0 0 0 
460990000000028     1630503548792943 0 0 0 1 0 0 0 0 0 0 
460990000000001     1630503548809668 0 0 0 1 0 0 0 0 0 0 
460990000000021     1630503548809769 0 0 0 1 0 0 0 0 0 0 
460990000000067     1630503548809907 0 0 0 1 0 0 0 0 0 0 
460990000000011     1630503548822352 0 0 0 1 0 0 0 0 0 0 
460990000000061     1630503548829489 0 0 0 1 0 0 0 0 0 0 
460990000000041     1630503548833243 0 0 0 1 0 0 0 0 0 0 
460990000000038     1630503548833269 0 0 0 1 0 0 0 0 0 0 
460990000000066     1630503548833381 0 0 0 1 0 0 0 0 0 0 
460990000000012     1630503548833469 0 0 0 1 0 0 0 0 0 0 
460990000000037     1630503548833414 0 0 0 1 0 0 0 0 0 0 
460990000000039     1630503548833596 0 0 0 1 0 0 0 0 0 0 
460990000000075     1630503548833665 0 0 0 1 0 0 0 0 0 0 
460990000000091     1630503548833760 0 0 0 1 0 0 0 0 0 0 
460990000000073     1630503548833867 0 0 0 1 0 0 0 0 0 0 
460990000000053     1630503548833917 0 0 0 1 0 0 0 0 0 0 
460990000000008     1630503548834008 0 0 0 1 0 0 0 0 0 0 
460990000000022     1630503548833834 0 0 0 1 0 0 0 0 0 0 
460990000000078     1630503548834190 0 0 0 1 0 0 0 0 0 0 
460990000000074     1630503548834314 0 0 0 1 0 0 0 0 0 0 
460990000000063     1630503548834342 0 0 0 1 0 0 0 0 0 0 
460990000000052     1630503548834382 0 0 0 1 0 0 0 0 0 0 
460990000000060     1630503548834510 0 0 0 1 0 0 0 0 0 0 
460990000000004     1630503548834683 0 0 0 1 0 0 0 0 0 0 
460990000000065     1630503548834741 0 0 0 1 0 0 0 0 0 0 
460990000000031     1630503548834806 0 0 0 1 0 0 0 0 0 0 
460990000000047     1630503548834833 0 0 0 1 0 0 0 0 0 0 
460990000000099     1630503548834929 0 0 0 0 1 0 0 0 0 0 
460990000000064     1630503548835036 0 0 0 1 0 0 0 0 0 0 
460990000000062     1630503548835105 0 0 0 1 0 0 0 0 0 0 
460990000000059     1630503548836675 0 0 0 1 0 0 0 0 0 0 
460990000000058     1630503548837479 0 0 0 1 0 0 0 0 0 0 
460990000000097     1630503548860612 0 0 0 0 1 0 0 0 0 0 
460990000000098     1630503548931220 0 0 0 0 1 0 0 0 0 0 
460990000000090     1630503549003898 0 0 0 0 1 0 0 0 0 0 
460990000000093     1630503549721970 0 0 0 0 1 0 0 0 0 0 
460990000000088     1630503549799937 0 0 0 0 1 0 0 0 0 0 
460990000000094     1630503549867520 0 0 0 0 1 0 0 0 0 0 
460990000000087     1630503549974600 0 0 0 0 1 0 0 0 0 0 
460990000000080     1630503550715400 0 0 0 0 1 0 0 0 0 0 
460990000000082     1630503550842946 0 0 0 0 1 0 0 0 0 0 
460990000000086     1630503550938147 0 0 0 0 1 0 0 0 0 0 
460990000000089     1630503551081171	1	0	0	0	0	0	0	0	0	0	
460990000000089     1630503551081331 0 1 0 0 0 0 0 0 0 0 
460990000000089     1630503551081436 0 0 1 0 0 0 0 0 0 0 
460990000000089     1630503551081989 0 0 0 1 0 0 0 0 0 0 
460990000000035     1630503551089101	1	0	0	0	0	0	0	0	0	0	
460990000000035     1630503551090138 0 1 0 0 0 0 0 0 0 0 
460990000000035     1630503551090262 0 0 1 0 0 0 0 0 0 0 
460990000000035     1630503551091112 0 0 0 1 0 0 0 0 0 0 
460990000000033     1630503551093099	1	0	0	0	0	0	0	0	0	0	
460990000000033     1630503551093192 0 1 0 0 0 0 0 0 0 0 
460990000000033     1630503551093336 0 0 1 0 0 0 0 0 0 0 
460990000000033     1630503551093915 0 0 0 1 0 0 0 0 0 0 
460990000000044     1630503551122266	1	0	0	0	0	0	0	0	0	0	
460990000000044     1630503551122410 0 1 0 0 0 0 0 0 0 0 
460990000000044     1630503551122544 0 0 1 0 0 0 0 0 0 0 
460990000000044     1630503551123296 0 0 0 1 0 0 0 0 0 0 
460990000000009     1630503551125109	1	0	0	0	0	0	0	0	0	0	
460990000000009     1630503551125226 0 1 0 0 0 0 0 0 0 0 
460990000000009     1630503551125308 0 0 1 0 0 0 0 0 0 0 
460990000000009     1630503551125833 0 0 0 1 0 0 0 0 0 0 
460990000000023     1630503551128119	1	0	0	0	0	0	0	0	0	0	
460990000000055     1630503551128137	1	0	0	0	0	0	0	0	0	0	
460990000000055     1630503551128238 0 1 0 0 0 0 0 0 0 0 
460990000000023     1630503551128338 0 1 0 0 0 0 0 0 0 0 
460990000000055     1630503551128337 0 0 1 0 0 0 0 0 0 0 
460990000000023     1630503551128435 0 0 1 0 0 0 0 0 0 0 
460990000000023     1630503551128906 0 0 0 1 0 0 0 0 0 0 
460990000000055     1630503551128927 0 0 0 1 0 0 0 0 0 0 
460990000000003     1630503551129209	1	0	0	0	0	0	0	0	0	0	
460990000000003     1630503551129325 0 1 0 0 0 0 0 0 0 0 
460990000000003     1630503551129448 0 0 1 0 0 0 0 0 0 0 
460990000000003     1630503551129869 0 0 0 1 0 0 0 0 0 0 
460990000000018     1630503551130132	1	0	0	0	0	0	0	0	0	0	
460990000000018     1630503551130246 0 1 0 0 0 0 0 0 0 0 
460990000000018     1630503551130388 0 0 1 0 0 0 0 0 0 0 
460990000000043     1630503551130429	1	0	0	0	0	0	0	0	0	0	
460990000000043     1630503551133151 0 1 0 0 0 0 0 0 0 0 
460990000000042     1630503551133128	1	0	0	0	0	0	0	0	0	0	
460990000000042     1630503551133308 0 1 0 0 0 0 0 0 0 0 
460990000000043     1630503551133298 0 0 1 0 0 0 0 0 0 0 
460990000000042     1630503551133439 0 0 1 0 0 0 0 0 0 0 
460990000000045     1630503551133451	1	0	0	0	0	0	0	0	0	0	
460990000000045     1630503551133595 0 1 0 0 0 0 0 0 0 0 
460990000000045     1630503551133730 0 0 1 0 0 0 0 0 0 0 
460990000000018     1630503551133762 0 0 0 1 0 0 0 0 0 0 
460990000000042     1630503551133888 0 0 0 1 0 0 0 0 0 0 
460990000000043     1630503551133969 0 0 0 1 0 0 0 0 0 0 
460990000000045     1630503551134294 0 0 0 1 0 0 0 0 0 0 
460990000000049     1630503551135198	1	0	0	0	0	0	0	0	0	0	
460990000000056     1630503551137003	1	0	0	0	0	0	0	0	0	0	
460990000000051     1630503551137153	1	0	0	0	0	0	0	0	0	0	
460990000000049     1630503551137158 0 1 0 0 0 0 0 0 0 0 
460990000000095     1630503551137171	1	0	0	0	0	0	0	0	0	0	
460990000000056     1630503551137197 0 1 0 0 0 0 0 0 0 0 
460990000000051     1630503551137236 0 1 0 0 0 0 0 0 0 0 
460990000000049     1630503551137283 0 0 1 0 0 0 0 0 0 0 
460990000000051     1630503551137344 0 0 1 0 0 0 0 0 0 0 
460990000000077     1630503551137417	1	0	0	0	0	0	0	0	0	0	
460990000000077     1630503551137541 0 1 0 0 0 0 0 0 0 0 
460990000000095     1630503551137548 0 1 0 0 0 0 0 0 0 0 
460990000000056     1630503551137649 0 0 1 0 0 0 0 0 0 0 
460990000000054     1630503551137694	1	0	0	0	0	0	0	0	0	0	
460990000000049     1630503551138047 0 0 0 1 0 0 0 0 0 0 
460990000000095     1630503551138087 0 0 1 0 0 0 0 0 0 0 
460990000000077     1630503551138120 0 0 1 0 0 0 0 0 0 0 
460990000000054     1630503551138357 0 1 0 0 0 0 0 0 0 0 
460990000000054     1630503551138593 0 0 1 0 0 0 0 0 0 0 
460990000000056     1630503551138641 0 0 0 1 0 0 0 0 0 0 
460990000000051     1630503551138660 0 0 0 1 0 0 0 0 0 0 
460990000000069     1630503551138719	1	0	0	0	0	0	0	0	0	0	
460990000000048     1630503551138735	1	0	0	0	0	0	0	0	0	0	
460990000000015     1630503551138770	1	0	0	0	0	0	0	0	0	0	
460990000000048     1630503551138878 0 1 0 0 0 0 0 0 0 0 
460990000000068     1630503551138856	1	0	0	0	0	0	0	0	0	0	
460990000000048     1630503551138968 0 0 1 0 0 0 0 0 0 0 
460990000000015     1630503551139011 0 1 0 0 0 0 0 0 0 0 
460990000000068     1630503551139106 0 1 0 0 0 0 0 0 0 0 
460990000000070     1630503551139254	1	0	0	0	0	0	0	0	0	0	
460990000000068     1630503551139284 0 0 1 0 0 0 0 0 0 0 
460990000000068     1630503551139713 0 0 0 1 0 0 0 0 0 0 
460990000000048     1630503551139829 0 0 0 1 0 0 0 0 0 0 
460990000000071     1630503551143308	1	0	0	0	0	0	0	0	0	0	
460990000000071     1630503551143413 0 1 0 0 0 0 0 0 0 0 
460990000000070     1630503551143379 0 1 0 0 0 0 0 0 0 0 
460990000000015     1630503551143423 0 0 1 0 0 0 0 0 0 0 
460990000000071     1630503551143492 0 0 1 0 0 0 0 0 0 0 
460990000000095     1630503551143555 0 0 0 1 0 0 0 0 0 0 
460990000000070     1630503551143575 0 0 1 0 0 0 0 0 0 0 
460990000000069     1630503551143595 0 1 0 0 0 0 0 0 0 0 
460990000000077     1630503551143629 0 0 0 1 0 0 0 0 0 0 
460990000000069     1630503551143730 0 0 1 0 0 0 0 0 0 0 
460990000000015     1630503551143970 0 0 0 1 0 0 0 0 0 0 
460990000000071     1630503551144001 0 0 0 1 0 0 0 0 0 0 
460990000000069     1630503551144279 0 0 0 1 0 0 0 0 0 0 
460990000000070     1630503551144318 0 0 0 1 0 0 0 0 0 0 
460990000000054     1630503551144514 0 0 0 1 0 0 0 0 0 0 
460990000000092     1630503551727629 0 0 0 0 1 0 0 0 0 0 
460990000000084     1630503551799027 0 0 0 0 1 0 0 0 0 0 
460990000000025     1630503551893127 0 0 0 0 1 0 0 0 0 0 
460990000000079     1630503551956705 0 0 0 0 1 0 0 0 0 0 
460990000000085     1630503552716542 0 0 0 0 1 0 0 0 0 0 
460990000000034     1630503552804703 0 0 0 0 1 0 0 0 0 0 
460990000000017     1630503552955990 0 0 0 0 1 0 0 0 0 0 
460990000000014     1630503553027772 0 0 0 0 1 0 0 0 0 0 
460990000000032     1630503553805146 0 0 0 0 1 0 0 0 0 0 
460990000000005     1630503553876162 0 0 0 0 1 0 0 0 0 0 
460990000000027     1630503553946632 0 0 0 0 1 0 0 0 0 0 
460990000000026     1630503554707921 0 0 0 0 1 0 0 0 0 0 
460990000000036     1630503554793785 0 0 0 0 1 0 0 0 0 0 
460990000000019     1630503554872833 0 0 0 0 1 0 0 0 0 0 
460990000000029     1630503554944291 0 0 0 0 1 0 0 0 0 0 
460990000000083     1630503555675205 0 0 0 0 1 0 0 0 0 0 
460990000000006     1630503555760068 0 0 0 0 1 0 0 0 0 0 
460990000000057     1630503555852231 0 0 0 0 1 0 0 0 0 0 
460990000000081     1630503555953460 0 0 0 0 1 0 0 0 0 0 
460990000000002     1630503556700205 0 0 0 0 1 0 0 0 0 0 
460990000000007     1630503556811068 0 0 0 0 1 0 0 0 0 0 
460990000000046     1630503556922168 0 0 0 0 1 0 0 0 0 0 
460990000000030     1630503556995330 0 0 0 0 1 0 0 0 0 0 
460990000000072     1630503557714110 0 0 0 0 1 0 0 0 0 0 
460990000000040     1630503557783279 0 0 0 0 1 0 0 0 0 0 
460990000000024     1630503557889785 0 0 0 0 1 0 0 0 0 0 
460990000000016     1630503557948282 0 0 0 0 1 0 0 0 0 0 
460990000000013     1630503558025795 0 0 0 0 1 0 0 0 0 0 
460990000000050     1630503558784165 0 0 0 0 1 0 0 0 0 0 
460990000000010     1630503558879824 0 0 0 0 1 0 0 0 0 0 
460990000000076     1630503558961429 0 0 0 0 1 0 0 0 0 0 
460990000000100     1630503559990313 0 0 0 0 0 1 0 0 0 0 
460990000000020     1630503560746034 0 0 0 0 1 0 0 0 0 0 
460990000000096     1630503560812990 0 0 0 0 1 0 0 0 0 0 
460990000000028     1630503560880838 0 0 0 0 1 0 0 0 0 0 
460990000000001     1630503561606402 0 0 0 0 1 0 0 0 0 0 
460990000000021     1630503561672225 0 0 0 0 1 0 0 0 0 0 
460990000000067     1630503561738637 0 0 0 0 1 0 0 0 0 0 
460990000000011     1630503561829554 0 0 0 0 1 0 0 0 0 0 
460990000000061     1630503562586892 0 0 0 0 1 0 0 0 0 0 
460990000000041     1630503562652110 0 0 0 0 1 0 0 0 0 0 
460990000000038     1630503562705191 0 0 0 0 1 0 0 0 0 0 
460990000000012     1630503562766357 0 0 0 0 1 0 0 0 0 0 
460990000000066     1630503562843571 0 0 0 0 1 0 0 0 0 0 
460990000000037     1630503563552706 0 0 0 0 1 0 0 0 0 0 
460990000000075     1630503563608303 0 0 0 0 1 0 0 0 0 0 
460990000000022     1630503563676491 0 0 0 0 1 0 0 0 0 0 
460990000000091     1630503563739532 0 0 0 0 1 0 0 0 0 0 
460990000000073     1630503563804790 0 0 0 0 1 0 0 0 0 0 
460990000000039     1630503564527345 0 0 0 0 1 0 0 0 0 0 
460990000000053     1630503564590676 0 0 0 0 1 0 0 0 0 0 
460990000000078     1630503564667009 0 0 0 0 1 0 0 0 0 0 
460990000000074     1630503564746303 0 0 0 0 1 0 0 0 0 0 
460990000000063     1630503565493754 0 0 0 0 1 0 0 0 0 0 
460990000000052     1630503565580881 0 0 0 0 1 0 0 0 0 0 
460990000000060     1630503565666524 0 0 0 0 1 0 0 0 0 0 
460990000000008     1630503566404469 0 0 0 0 1 0 0 0 0 0 
460990000000065     1630503566492620 0 0 0 0 1 0 0 0 0 0 
460990000000047     1630503566612290 0 0 0 0 1 0 0 0 0 0 
460990000000004     1630503567407809 0 0 0 0 1 0 0 0 0 0 
460990000000064     1630503567505476 0 0 0 0 1 0 0 0 0 0 
460990000000099     1630503568432020 0 0 0 0 0 1 0 0 0 0 
460990000000031     1630503568528104 0 0 0 0 1 0 0 0 0 0 
460990000000062     1630503568653284 0 0 0 0 1 0 0 0 0 0 
460990000000059     1630503569315899 0 0 0 0 1 0 0 0 0 0 
460990000000058     1630503569361571 0 0 0 0 1 0 0 0 0 0 
460990000000097     1630503569480464 0 0 0 0 0 1 0 0 0 0 
460990000000098     1630503569603467 0 0 0 0 0 1 0 0 0 0 
460990000000090     1630503570273761 0 0 0 0 0 1 0 0 0 0 
460990000000093     1630503570430410 0 0 0 0 0 1 0 0 0 0 
460990000000088     1630503571219992 0 0 0 0 0 1 0 0 0 0 
460990000000094     1630503571384563 0 0 0 0 0 1 0 0 0 0 
460990000000087     1630503572124181 0 0 0 0 0 1 0 0 0 0 
460990000000080     1630503572224678 0 0 0 0 0 1 0 0 0 0 
460990000000082     1630503572949874 0 0 0 0 0 1 0 0 0 0 
460990000000086     1630503573026935 0 0 0 0 0 1 0 0 0 0 
460990000000089     1630503573080945 0 0 0 0 1 0 0 0 0 0 
460990000000035     1630503573129583 0 0 0 0 1 0 0 0 0 0 
460990000000033     1630503573174217 0 0 0 0 1 0 0 0 0 0 
460990000000044     1630503573241461 0 0 0 0 1 0 0 0 0 0 
460990000000009     1630503573938720 0 0 0 0 1 0 0 0 0 0 
460990000000055     1630503574011266 0 0 0 0 1 0 0 0 0 0 
460990000000023     1630503574060211 0 0 0 0 1 0 0 0 0 0 
460990000000003     1630503574107522 0 0 0 0 1 0 0 0 0 0 
460990000000018     1630503574189404 0 0 0 0 1 0 0 0 0 0 
460990000000042     1630503574890695 0 0 0 0 1 0 0 0 0 0 
460990000000043     1630503574944395 0 0 0 0 1 0 0 0 0 0 
460990000000045     1630503575026293 0 0 0 0 1 0 0 0 0 0 
460990000000051     1630503575121907 0 0 0 0 1 0 0 0 0 0 
460990000000049     1630503575830930 0 0 0 0 1 0 0 0 0 0 
460990000000056     1630503575887382 0 0 0 0 1 0 0 0 0 0 
460990000000068     1630503575964742 0 0 0 0 1 0 0 0 0 0 
460990000000048     1630503576014065 0 0 0 0 1 0 0 0 0 0 
460990000000095     1630503576056385 0 0 0 0 1 0 0 0 0 0 
460990000000077     1630503576105454 0 0 0 0 1 0 0 0 0 0 
460990000000015     1630503576816226 0 0 0 0 1 0 0 0 0 0 
460990000000071     1630503576861737 0 0 0 0 1 0 0 0 0 0 
460990000000070     1630503576907820 0 0 0 0 1 0 0 0 0 0 
460990000000069     1630503576969668 0 0 0 0 1 0 0 0 0 0 
460990000000054     1630503577017367 0 0 0 0 1 0 0 0 0 0 
460990000000092     1630503577735070 0 0 0 0 0 1 0 0 0 0 
460990000000084     1630503577799319 0 0 0 0 0 1 0 0 0 0 
460990000000025     1630503577886455 0 0 0 0 0 1 0 0 0 0 
460990000000079     1630503578690265 0 0 0 0 0 1 0 0 0 0 
460990000000085     1630503578821802 0 0 0 0 0 1 0 0 0 0 
460990000000034     1630503578945472 0 0 0 0 0 1 0 0 0 0 
460990000000017     1630503579716800 0 0 0 0 0 1 0 0 0 0 
460990000000014     1630503579879050 0 0 0 0 0 1 0 0 0 0 
460990000000032     1630503580700108 0 0 0 0 0 1 0 0 0 0 
460990000000005     1630503580856600 0 0 0 0 0 1 0 0 0 0 
460990000000027     1630503581618820 0 0 0 0 0 1 0 0 0 0 
460990000000026     1630503581716090 0 0 0 0 0 1 0 0 0 0 
460990000000036     1630503581790645 0 0 0 0 0 1 0 0 0 0 
460990000000019     1630503582522073 0 0 0 0 0 1 0 0 0 0 
460990000000029     1630503582632669 0 0 0 0 0 1 0 0 0 0 
460990000000083     1630503582730480 0 0 0 0 0 1 0 0 0 0 
460990000000006     1630503583529247 0 0 0 0 0 1 0 0 0 0 
460990000000057     1630503583614027 0 0 0 0 0 1 0 0 0 0 
460990000000081     1630503584431849 0 0 0 0 0 1 0 0 0 0 
460990000000002     1630503584634782 0 0 0 0 0 1 0 0 0 0 
460990000000007     1630503585463763 0 0 0 0 0 1 0 0 0 0 
460990000000046     1630503585649899 0 0 0 0 0 1 0 0 0 0 
460990000000030     1630503586478397 0 0 0 0 0 1 0 0 0 0 
460990000000072     1630503586669101 0 0 0 0 0 1 0 0 0 0 
460990000000040     1630503587500176 0 0 0 0 0 1 0 0 0 0 
460990000000024     1630503587711835 0 0 0 0 0 1 0 0 0 0 
460990000000016     1630503588524069 0 0 0 0 0 1 0 0 0 0 
460990000000013     1630503588712267 0 0 0 0 0 1 0 0 0 0 
460990000000050     1630503589525549 0 0 0 0 0 1 0 0 0 0 
460990000000010     1630503589775837 0 0 0 0 0 1 0 0 0 0 
460990000000076     1630503590543018 0 0 0 0 0 1 0 0 0 0 
460990000000100     1630503590797110 0 0 0 0 0 0 1 0 0 0 
460990000000100     1630503590797312 0 0 0 0 0 0 0 1 0 0 
460990000000020     1630503591548063 0 0 0 0 0 1 0 0 0 0 
460990000000096     1630503591873016 0 0 0 0 0 1 0 0 0 0 
460990000000028     1630503592597182 0 0 0 0 0 1 0 0 0 0 
460990000000001     1630503592823423 0 0 0 0 0 1 0 0 0 0 
460990000000021     1630503593570606 0 0 0 0 0 1 0 0 0 0 
460990000000067     1630503593818480 0 0 0 0 0 1 0 0 0 0 
460990000000011     1630503594575316 0 0 0 0 0 1 0 0 0 0 
460990000000061     1630503594806269 0 0 0 0 0 1 0 0 0 0 
460990000000041     1630503595544702 0 0 0 0 0 1 0 0 0 0 
460990000000038     1630503595801901 0 0 0 0 0 1 0 0 0 0 
460990000000012     1630503596649097 0 0 0 0 0 1 0 0 0 0 
460990000000066     1630503596841695 0 0 0 0 0 1 0 0 0 0 
460990000000037     1630503597672983 0 0 0 0 0 1 0 0 0 0 
460990000000075     1630503597868876 0 0 0 0 0 1 0 0 0 0 
460990000000022     1630503598701334 0 0 0 0 0 1 0 0 0 0 
460990000000091     1630503598917880 0 0 0 0 0 1 0 0 0 0 
460990000000073     1630503599776442 0 0 0 0 0 1 0 0 0 0 
460990000000039     1630503599990227 0 0 0 0 0 1 0 0 0 0 
460990000000053     1630503600822753 0 0 0 0 0 1 0 0 0 0 
460990000000078     1630503601008089 0 0 0 0 0 1 0 0 0 0 
460990000000074     1630503601839941 0 0 0 0 0 1 0 0 0 0 
460990000000063     1630503602034606 0 0 0 0 0 1 0 0 0 0 
460990000000052     1630503602878458 0 0 0 0 0 1 0 0 0 0 
460990000000060     1630503603068469 0 0 0 0 0 1 0 0 0 0 
460990000000008     1630503603893888 0 0 0 0 0 1 0 0 0 0 
460990000000065     1630503604144012 0 0 0 0 0 1 0 0 0 0 
460990000000047     1630503604968625 0 0 0 0 0 1 0 0 0 0 
460990000000004     1630503605156973 0 0 0 0 0 1 0 0 0 0 
460990000000064     1630503605987805 0 0 0 0 0 1 0 0 0 0 
460990000000099     1630503606183411 0 0 0 0 0 0 1 0 0 0 
460990000000099     1630503606183675 0 0 0 0 0 0 0 1 0 0 
460990000000031     1630503607037464 0 0 0 0 0 1 0 0 0 0 
460990000000062     1630503607258730 0 0 0 0 0 1 0 0 0 0 
460990000000059     1630503608124662 0 0 0 0 0 1 0 0 0 0 
460990000000058     1630503608358971 0 0 0 0 0 1 0 0 0 0 
460990000000097     1630503609220262 0 0 0 0 0 0 1 0 0 0 
460990000000097     1630503609220554 0 0 0 0 0 0 0 1 0 0 
460990000000098     1630503609438665 0 0 0 0 0 0 1 0 0 0 
460990000000098     1630503609438932 0 0 0 0 0 0 0 1 0 0 
460990000000090     1630503610298351 0 0 0 0 0 0 1 0 0 0 
460990000000090     1630503610298568 0 0 0 0 0 0 0 1 0 0 
460990000000093     1630503611221994 0 0 0 0 0 0 1 0 0 0 
460990000000093     1630503611222211 0 0 0 0 0 0 0 1 0 0 
460990000000088     1630503611420665 0 0 0 0 0 0 1 0 0 0 
460990000000088     1630503611420863 0 0 0 0 0 0 0 1 0 0 
460990000000094     1630503612266786 0 0 0 0 0 0 1 0 0 0 
460990000000094     1630503612267180 0 0 0 0 0 0 0 1 0 0 
460990000000087     1630503613206798 0 0 0 0 0 0 1 0 0 0 
460990000000087     1630503613207020 0 0 0 0 0 0 0 1 0 0 
460990000000080     1630503614056647 0 0 0 0 0 0 1 0 0 0 
460990000000080     1630503614056873 0 0 0 0 0 0 0 1 0 0 
460990000000082     1630503614278895 0 0 0 0 0 0 1 0 0 0 
460990000000082     1630503614279319 0 0 0 0 0 0 0 1 0 0 
460990000000086     1630503615168133 0 0 0 0 0 0 1 0 0 0 
460990000000086     1630503615168318 0 0 0 0 0 0 0 1 0 0 
460990000000089     1630503615335454 0 0 0 0 0 1 0 0 0 0 
460990000000035     1630503616191534 0 0 0 0 0 1 0 0 0 0 
460990000000033     1630503616948240 0 0 0 0 0 1 0 0 0 0 
460990000000044     1630503617196742 0 0 0 0 0 1 0 0 0 0 
460990000000009     1630503617941179 0 0 0 0 0 1 0 0 0 0 
460990000000055     1630503618182706 0 0 0 0 0 1 0 0 0 0 
460990000000023     1630503618931199 0 0 0 0 0 1 0 0 0 0 
460990000000003     1630503619166558 0 0 0 0 0 1 0 0 0 0 
460990000000018     1630503619923412 0 0 0 0 0 1 0 0 0 0 
460990000000042     1630503620138631 0 0 0 0 0 1 0 0 0 0 
460990000000043     1630503620889713 0 0 0 0 0 1 0 0 0 0 
460990000000045     1630503621145741 0 0 0 0 0 1 0 0 0 0 
460990000000051     1630503621873672 0 0 0 0 0 1 0 0 0 0 
460990000000049     1630503622109739 0 0 0 0 0 1 0 0 0 0 
460990000000056     1630503622855755 0 0 0 0 0 1 0 0 0 0 
460990000000068     1630503623106889 0 0 0 0 0 1 0 0 0 0 
460990000000048     1630503623878708 0 0 0 0 0 1 0 0 0 0 
460990000000095     1630503624108205 0 0 0 0 0 1 0 0 0 0 
460990000000077     1630503624880174 0 0 0 0 0 1 0 0 0 0 
460990000000015     1630503625094799 0 0 0 0 0 1 0 0 0 0 
460990000000071     1630503625871238 0 0 0 0 0 1 0 0 0 0 
460990000000070     1630503626065569 0 0 0 0 0 1 0 0 0 0 
460990000000069     1630503626802520 0 0 0 0 0 1 0 0 0 0 
460990000000054     1630503627045836 0 0 0 0 0 1 0 0 0 0 
460990000000092     1630503627840645 0 0 0 0 0 0 1 0 0 0 
460990000000092     1630503627840851 0 0 0 0 0 0 0 1 0 0 
460990000000084     1630503628047341 0 0 0 0 0 0 1 0 0 0 
460990000000084     1630503628047539 0 0 0 0 0 0 0 1 0 0 
460990000000025     1630503628938923 0 0 0 0 0 0 1 0 0 0 
460990000000025     1630503628939205 0 0 0 0 0 0 0 1 0 0 
460990000000079     1630503629086507 0 0 0 0 0 0 1 0 0 0 
460990000000079     1630503629086802 0 0 0 0 0 0 0 1 0 0 
460990000000085     1630503630010935 0 0 0 0 0 0 1 0 0 0 
460990000000085     1630503630011173 0 0 0 0 0 0 0 1 0 0 
460990000000034     1630503630777382 0 0 0 0 0 0 1 0 0 0 
460990000000034     1630503630777577 0 0 0 0 0 0 0 1 0 0 
460990000000017     1630503631709254 0 0 0 0 0 0 1 0 0 0 
460990000000017     1630503631709471 0 0 0 0 0 0 0 1 0 0 
460990000000014     1630503631970958 0 0 0 0 0 0 1 0 0 0 
460990000000014     1630503631971340 0 0 0 0 0 0 0 1 0 0 
460990000000032     1630503632727613 0 0 0 0 0 0 1 0 0 0 
460990000000032     1630503632727882 0 0 0 0 0 0 0 1 0 0 
460990000000005     1630503633074318 0 0 0 0 0 0 1 0 0 0 
460990000000005     1630503633074539 0 0 0 0 0 0 0 1 0 0 
460990000000027     1630503633908653 0 0 0 0 0 0 1 0 0 0 
460990000000027     1630503633908853 0 0 0 0 0 0 0 1 0 0 
460990000000026     1630503634586872 0 0 0 0 0 0 1 0 0 0 
460990000000026     1630503634587079 0 0 0 0 0 0 0 1 0 0 
460990000000036     1630503635409492 0 0 0 0 0 0 1 0 0 0 
460990000000036     1630503635409684 0 0 0 0 0 0 0 1 0 0 
460990000000019     1630503635773955 0 0 0 0 0 0 1 0 0 0 
460990000000019     1630503635774372 0 0 0 0 0 0 0 1 0 0 
460990000000029     1630503636587905 0 0 0 0 0 0 1 0 0 0 
460990000000029     1630503636588454 0 0 0 0 0 0 0 1 0 0 
460990000000083     1630503637289901 0 0 0 0 0 0 1 0 0 0 
460990000000083     1630503637290109 0 0 0 0 0 0 0 1 0 0 
460990000000006     1630503637738149 0 0 0 0 0 0 1 0 0 0 
460990000000006     1630503637738539 0 0 0 0 0 0 0 1 0 0 
460990000000057     1630503638545789 0 0 0 0 0 0 1 0 0 0 
460990000000057     1630503638546068 0 0 0 0 0 0 0 1 0 0 
460990000000081     1630503639165582 0 0 0 0 0 0 1 0 0 0 
460990000000081     1630503639165794 0 0 0 0 0 0 0 1 0 0 
460990000000002     1630503640075514 0 0 0 0 0 0 1 0 0 0 
460990000000002     1630503640075733 0 0 0 0 0 0 0 1 0 0 
460990000000007     1630503640428778 0 0 0 0 0 0 1 0 0 0 
460990000000007     1630503640429084 0 0 0 0 0 0 0 1 0 0 
460990000000046     1630503641214473 0 0 0 0 0 0 1 0 0 0 
460990000000046     1630503641214694 0 0 0 0 0 0 0 1 0 0 
460990000000030     1630503642094520 0 0 0 0 0 0 1 0 0 0 
460990000000030     1630503642094943 0 0 0 0 0 0 0 1 0 0 
460990000000072     1630503642271994 0 0 0 0 0 0 1 0 0 0 
460990000000072     1630503642272202 0 0 0 0 0 0 0 1 0 0 
460990000000040     1630503643078996 0 0 0 0 0 0 1 0 0 0 
460990000000040     1630503643079189 0 0 0 0 0 0 0 1 0 0 
460990000000024     1630503643994922 0 0 0 0 0 0 1 0 0 0 
460990000000024     1630503643995121 0 0 0 0 0 0 0 1 0 0 
460990000000016     1630503644274361 0 0 0 0 0 0 1 0 0 0 
460990000000016     1630503644274657 0 0 0 0 0 0 0 1 0 0 
460990000000013     1630503645031248 0 0 0 0 0 0 1 0 0 0 
460990000000013     1630503645031475 0 0 0 0 0 0 0 1 0 0 
460990000000050     1630503645860435 0 0 0 0 0 0 1 0 0 0 
460990000000050     1630503645860640 0 0 0 0 0 0 0 1 0 0 
460990000000010     1630503646222360 0 0 0 0 0 0 1 0 0 0 
460990000000010     1630503646222552 0 0 0 0 0 0 0 1 0 0 
460990000000076     1630503647045153 0 0 0 0 0 0 1 0 0 0 
460990000000076     1630503647045395 0 0 0 0 0 0 0 1 0 0 
460990000000100     1630503647694307 0 0 0 0 0 0 0 0 1 0 
460990000000020     1630503648750169 0 0 0 0 0 0 1 0 0 0 
460990000000020     1630503648750380 0 0 0 0 0 0 0 1 0 0 
460990000000096     1630503649002642 0 0 0 0 0 0 1 0 0 0 
460990000000096     1630503649003272 0 0 0 0 0 0 0 1 0 0 
460990000000028     1630503649983114 0 0 0 0 0 0 1 0 0 0 
460990000000028     1630503649983338 0 0 0 0 0 0 0 1 0 0 
460990000000001     1630503650648964 0 0 0 0 0 0 1 0 0 0 
460990000000001     1630503650649163 0 0 0 0 0 0 0 1 0 0 
460990000000021     1630503651111090 0 0 0 0 0 0 1 0 0 0 
460990000000021     1630503651111281 0 0 0 0 0 0 0 1 0 0 
460990000000067     1630503651954155 0 0 0 0 0 0 1 0 0 0 
460990000000067     1630503651954349 0 0 0 0 0 0 0 1 0 0 
460990000000011     1630503652604328 0 0 0 0 0 0 1 0 0 0 
460990000000011     1630503652604554 0 0 0 0 0 0 0 1 0 0 
460990000000061     1630503653421177 0 0 0 0 0 0 1 0 0 0 
460990000000061     1630503653421377 0 0 0 0 0 0 0 1 0 0 
460990000000041     1630503653791276 0 0 0 0 0 0 1 0 0 0 
460990000000041     1630503653791592 0 0 0 0 0 0 0 1 0 0 
460990000000038     1630503654442165 0 0 0 0 0 0 1 0 0 0 
460990000000038     1630503654442459 0 0 0 0 0 0 0 1 0 0 
460990000000012     1630503654916234 0 0 0 0 0 0 1 0 0 0 
460990000000012     1630503654916470 0 0 0 0 0 0 0 1 0 0 
460990000000066     1630503655837557 0 0 0 0 0 0 1 0 0 0 
460990000000066     1630503655838047 0 0 0 0 0 0 0 1 0 0 
460990000000037     1630503656375020 0 0 0 0 0 0 1 0 0 0 
460990000000037     1630503656375289 0 0 0 0 0 0 0 1 0 0 
460990000000075     1630503657261787 0 0 0 0 0 0 1 0 0 0 
460990000000075     1630503657261982 0 0 0 0 0 0 0 1 0 0 
460990000000022     1630503657749537 0 0 0 0 0 0 1 0 0 0 
460990000000022     1630503657749973 0 0 0 0 0 0 0 1 0 0 
460990000000091     1630503658669362 0 0 0 0 0 0 1 0 0 0 
460990000000091     1630503658669564 0 0 0 0 0 0 0 1 0 0 
460990000000073     1630503659238450 0 0 0 0 0 0 1 0 0 0 
460990000000073     1630503659238659 0 0 0 0 0 0 0 1 0 0 
460990000000039     1630503660184149 0 0 0 0 0 0 1 0 0 0 
460990000000039     1630503660184352 0 0 0 0 0 0 0 1 0 0 
460990000000053     1630503660580638 0 0 0 0 0 0 1 0 0 0 
460990000000053     1630503660581061 0 0 0 0 0 0 0 1 0 0 
460990000000078     1630503661475447 0 0 0 0 0 0 1 0 0 0 
460990000000078     1630503661475638 0 0 0 0 0 0 0 1 0 0 
460990000000074     1630503662146765 0 0 0 0 0 0 1 0 0 0 
460990000000074     1630503662146954 0 0 0 0 0 0 0 1 0 0 
460990000000063     1630503663075595 0 0 0 0 0 0 1 0 0 0 
460990000000063     1630503663075805 0 0 0 0 0 0 0 1 0 0 
460990000000052     1630503663349386 0 0 0 0 0 0 1 0 0 0 
460990000000052     1630503663349744 0 0 0 0 0 0 0 1 0 0 
460990000000060     1630503664135034 0 0 0 0 0 0 1 0 0 0 
460990000000060     1630503664135269 0 0 0 0 0 0 0 1 0 0 
460990000000008     1630503665043989 0 0 0 0 0 0 1 0 0 0 
460990000000008     1630503665044177 0 0 0 0 0 0 0 1 0 0 
460990000000065     1630503665315380 0 0 0 0 0 0 1 0 0 0 
460990000000065     1630503665315591 0 0 0 0 0 0 0 1 0 0 
460990000000047     1630503666233475 0 0 0 0 0 0 1 0 0 0 
460990000000047     1630503666233701 0 0 0 0 0 0 0 1 0 0 
460990000000004     1630503666437652 0 0 0 0 0 0 1 0 0 0 
460990000000004     1630503666437861 0 0 0 0 0 0 0 1 0 0 
460990000000064     1630503667347320 0 0 0 0 0 0 1 0 0 0 
460990000000064     1630503667347868 0 0 0 0 0 0 0 1 0 0 
460990000000099     1630503667991669 0 0 0 0 0 0 0 0 1 0 
460990000000031     1630503668972200 0 0 0 0 0 0 1 0 0 0 
460990000000031     1630503668972508 0 0 0 0 0 0 0 1 0 0 
460990000000062     1630503669882872 0 0 0 0 0 0 1 0 0 0 
460990000000062     1630503669883077 0 0 0 0 0 0 0 1 0 0 
460990000000059     1630503670272291 0 0 0 0 0 0 1 0 0 0 
460990000000059     1630503670272483 0 0 0 0 0 0 0 1 0 0 
460990000000058     1630503671164598 0 0 0 0 0 0 1 0 0 0 
460990000000058     1630503671164814 0 0 0 0 0 0 0 1 0 0 
460990000000097     1630503671759792 0 0 0 0 0 0 0 0 1 0 
460990000000098     1630503672703018 0 0 0 0 0 0 0 0 1 0 
460990000000090     1630503673776711 0 0 0 0 0 0 0 0 1 0 
460990000000093     1630503674945798 0 0 0 0 0 0 0 0 1 0 
460990000000088     1630503675959314 0 0 0 0 0 0 0 0 1 0 
460990000000094     1630503676324719 0 0 0 0 0 0 0 0 1 0 
460990000000087     1630503677333950 0 0 0 0 0 0 0 0 1 0 
460990000000080     1630503678335646 0 0 0 0 0 0 0 0 1 0 
460990000000082     1630503679335706 0 0 0 0 0 0 0 0 1 0 
460990000000086     1630503680254886 0 0 0 0 0 0 0 0 1 0 
460990000000089     1630503681188670 0 0 0 0 0 0 1 0 0 0 
460990000000089     1630503681188866 0 0 0 0 0 0 0 1 0 0 
460990000000035     1630503681941121 0 0 0 0 0 0 1 0 0 0 
460990000000035     1630503681941311 0 0 0 0 0 0 0 1 0 0 
460990000000033     1630503682813216 0 0 0 0 0 0 1 0 0 0 
460990000000033     1630503682813409 0 0 0 0 0 0 0 1 0 0 
460990000000044     1630503683059723 0 0 0 0 0 0 1 0 0 0 
460990000000044     1630503683059922 0 0 0 0 0 0 0 1 0 0 
460990000000009     1630503683935238 0 0 0 0 0 0 1 0 0 0 
460990000000009     1630503683935455 0 0 0 0 0 0 0 1 0 0 
460990000000055     1630503684712573 0 0 0 0 0 0 1 0 0 0 
460990000000055     1630503684712791 0 0 0 0 0 0 0 1 0 0 
460990000000023     1630503684984641 0 0 0 0 0 0 1 0 0 0 
460990000000023     1630503684984867 0 0 0 0 0 0 0 1 0 0 
460990000000003     1630503685933804 0 0 0 0 0 0 1 0 0 0 
460990000000003     1630503685934128 0 0 0 0 0 0 0 1 0 0 
460990000000018     1630503686606818 0 0 0 0 0 0 1 0 0 0 
460990000000018     1630503686607038 0 0 0 0 0 0 0 1 0 0 
460990000000042     1630503687434041 0 0 0 0 0 0 1 0 0 0 
460990000000042     1630503687434293 0 0 0 0 0 0 0 1 0 0 
460990000000043     1630503687636717 0 0 0 0 0 0 1 0 0 0 
460990000000043     1630503687637116 0 0 0 0 0 0 0 1 0 0 
460990000000045     1630503688576125 0 0 0 0 0 0 1 0 0 0 
460990000000045     1630503688576594 0 0 0 0 0 0 0 1 0 0 
460990000000051     1630503688845224 0 0 0 0 0 0 1 0 0 0 
460990000000051     1630503688845899 0 0 0 0 0 0 0 1 0 0 
460990000000049     1630503689744445 0 0 0 0 0 0 1 0 0 0 
460990000000049     1630503689744647 0 0 0 0 0 0 0 1 0 0 
460990000000056     1630503690448409 0 0 0 0 0 0 1 0 0 0 
460990000000056     1630503690448625 0 0 0 0 0 0 0 1 0 0 
460990000000068     1630503691368111 0 0 0 0 0 0 1 0 0 0 
460990000000068     1630503691369677 0 0 0 0 0 0 0 1 0 0 
460990000000048     1630503691651323 0 0 0 0 0 0 1 0 0 0 
460990000000048     1630503691651556 0 0 0 0 0 0 0 1 0 0 
460990000000095     1630503692570355 0 0 0 0 0 0 1 0 0 0 
460990000000095     1630503692570549 0 0 0 0 0 0 0 1 0 0 
460990000000077     1630503693227308 0 0 0 0 0 0 1 0 0 0 
460990000000077     1630503693227542 0 0 0 0 0 0 0 1 0 0 
460990000000015     1630503694153593 0 0 0 0 0 0 1 0 0 0 
460990000000015     1630503694153843 0 0 0 0 0 0 0 1 0 0 
460990000000071     1630503694441456 0 0 0 0 0 0 1 0 0 0 
460990000000071     1630503694441786 0 0 0 0 0 0 0 1 0 0 
460990000000070     1630503695344069 0 0 0 0 0 0 1 0 0 0 
460990000000070     1630503695344271 0 0 0 0 0 0 0 1 0 0 
460990000000069     1630503696104447 0 0 0 0 0 0 1 0 0 0 
460990000000069     1630503696104651 0 0 0 0 0 0 0 1 0 0 
460990000000054     1630503696474167 0 0 0 0 0 0 1 0 0 0 
460990000000054     1630503696474358 0 0 0 0 0 0 0 1 0 0 
460990000000092     1630503697287850 0 0 0 0 0 0 0 0 1 0 
460990000000084     1630503698122470 0 0 0 0 0 0 0 0 1 0 
460990000000025     1630503699085558 0 0 0 0 0 0 0 0 1 0 
460990000000079     1630503700623496 0 0 0 0 0 0 0 0 1 0 
460990000000085     1630503701012327 0 0 0 0 0 0 0 0 1 0 
460990000000034     1630503702019539 0 0 0 0 0 0 0 0 1 0 
460990000000017     1630503703038782 0 0 0 0 0 0 0 0 1 0 
460990000000014     1630503704048189 0 0 0 0 0 0 0 0 1 0 
460990000000032     1630503704991623 0 0 0 0 0 0 0 0 1 0 
460990000000005     1630503705916641 0 0 0 0 0 0 0 0 1 0 
460990000000027     1630503707019285 0 0 0 0 0 0 0 0 1 0 
460990000000026     1630503708463131 0 0 0 0 0 0 0 0 1 0 
460990000000036     1630503709484795 0 0 0 0 0 0 0 0 1 0 
460990000000019     1630503710537138 0 0 0 0 0 0 0 0 1 0 
460990000000029     1630503711578221 0 0 0 0 0 0 0 0 1 0 
460990000000083     1630503712589985 0 0 0 0 0 0 0 0 1 0 
460990000000006     1630503712965191 0 0 0 0 0 0 0 0 1 0 
460990000000057     1630503713996432 0 0 0 0 0 0 0 0 1 0 
460990000000081     1630503715031731 0 0 0 0 0 0 0 0 1 0 
460990000000002     1630503716047321 0 0 0 0 0 0 0 0 1 0 
460990000000007     1630503717035586 0 0 0 0 0 0 0 0 1 0 
460990000000046     1630503718035855 0 0 0 0 0 0 0 0 1 0 
460990000000030     1630503718980248 0 0 0 0 0 0 0 0 1 0 
460990000000072     1630503719904889 0 0 0 0 0 0 0 0 1 0 
460990000000040     1630503721563169 0 0 0 0 0 0 0 0 1 0 
460990000000024     1630503721927107 0 0 0 0 0 0 0 0 1 0 
460990000000016     1630503722928946 0 0 0 0 0 0 0 0 1 0 
460990000000013     1630503723943777 0 0 0 0 0 0 0 0 1 0 
460990000000050     1630503724976824 0 0 0 0 0 0 0 0 1 0 
460990000000010     1630503726045642 0 0 0 0 0 0 0 0 1 0 
460990000000076     1630503727084273 0 0 0 0 0 0 0 0 1 0 
460990000000020     1630503728079576 0 0 0 0 0 0 0 0 1 0 
460990000000100     1630503729106244 0 0 0 0 0 0 0 0 0 1 
460990000000096     1630503730031712 0 0 0 0 0 0 0 0 1 0 
460990000000028     1630503731054136 0 0 0 0 0 0 0 0 1 0 
460990000000001     1630503731990091 0 0 0 0 0 0 0 0 1 0 
460990000000021     1630503732899340 0 0 0 0 0 0 0 0 1 0 
460990000000067     1630503733927700 0 0 0 0 0 0 0 0 1 0 
460990000000011     1630503734929099 0 0 0 0 0 0 0 0 1 0 
460990000000061     1630503735950205 0 0 0 0 0 0 0 0 1 0 
460990000000041     1630503736894188 0 0 0 0 0 0 0 0 1 0 
460990000000038     1630503737810306 0 0 0 0 0 0 0 0 1 0 
460990000000012     1630503738743004 0 0 0 0 0 0 0 0 1 0 
460990000000066     1630503740301302 0 0 0 0 0 0 0 0 1 0 
460990000000037     1630503740688998 0 0 0 0 0 0 0 0 1 0 
460990000000075     1630503741717333 0 0 0 0 0 0 0 0 1 0 
460990000000022     1630503742752519 0 0 0 0 0 0 0 0 1 0 
460990000000091     1630503743747158 0 0 0 0 0 0 0 0 1 0 
460990000000073     1630503744785441 0 0 0 0 0 0 0 0 1 0 
460990000000039     1630503745800536 0 0 0 0 0 0 0 0 1 0 
460990000000053     1630503746751247 0 0 0 0 0 0 0 0 1 0 
460990000000078     1630503747759768 0 0 0 0 0 0 0 0 1 0 
460990000000074     1630503748791843 0 0 0 0 0 0 0 0 1 0 
460990000000063     1630503749811506 0 0 0 0 0 0 0 0 1 0 
460990000000052     1630503750848839 0 0 0 0 0 0 0 0 1 0 
460990000000060     1630503751877522 0 0 0 0 0 0 0 0 1 0 
460990000000008     1630503752799366 0 0 0 0 0 0 0 0 1 0 
460990000000065     1630503753760271 0 0 0 0 0 0 0 0 1 0 
460990000000047     1630503754765884 0 0 0 0 0 0 0 0 1 0 
460990000000004     1630503755786677 0 0 0 0 0 0 0 0 1 0 
460990000000064     1630503756797714 0 0 0 0 0 0 0 0 1 0 
460990000000031     1630503757825030 0 0 0 0 0 0 0 0 1 0 
460990000000099     1630503758839718 0 0 0 0 0 0 0 0 0 1 
460990000000062     1630503759666995 0 0 0 0 0 0 0 0 1 0 
460990000000059     1630503760794490 0 0 0 0 0 0 0 0 1 0 
460990000000058     1630503761842787 0 0 0 0 0 0 0 0 1 0 
460990000000097     1630503762881213 0 0 0 0 0 0 0 0 0 1 
460990000000098     1630503763791319 0 0 0 0 0 0 0 0 0 1 
460990000000090     1630503764703632 0 0 0 0 0 0 0 0 0 1 
460990000000093     1630503765539213 0 0 0 0 0 0 0 0 0 1 
460990000000088     1630503766423747 0 0 0 0 0 0 0 0 0 1 
460990000000094     1630503767330307 0 0 0 0 0 0 0 0 0 1 
460990000000087     1630503768198544 0 0 0 0 0 0 0 0 0 1 
460990000000080     1630503769075689 0 0 0 0 0 0 0 0 0 1 
460990000000082     1630503769960014 0 0 0 0 0 0 0 0 0 1 
460990000000086     1630503770833051 0 0 0 0 0 0 0 0 0 1 
460990000000089     1630503771017341 0 0 0 0 0 0 0 0 1 0 
460990000000035     1630503772763932 0 0 0 0 0 0 0 0 1 0 
460990000000033     1630503774442895 0 0 0 0 0 0 0 0 1 0 
460990000000044     1630503775519539 0 0 0 0 0 0 0 0 1 0 
460990000000009     1630503777149303 0 0 0 0 0 0 0 0 1 0 
460990000000055     1630503778079999 0 0 0 0 0 0 0 0 1 0 
460990000000023     1630503779146963 0 0 0 0 0 0 0 0 1 0 
460990000000003     1630503780160121 0 0 0 0 0 0 0 0 1 0 
460990000000018     1630503781188757 0 0 0 0 0 0 0 0 1 0 
460990000000042     1630503782220337 0 0 0 0 0 0 0 0 1 0 
460990000000043     1630503783269458 0 0 0 0 0 0 0 0 1 0 
460990000000045     1630503784283193 0 0 0 0 0 0 0 0 1 0 
460990000000051     1630503785285881 0 0 0 0 0 0 0 0 1 0 
460990000000049     1630503786308212 0 0 0 0 0 0 0 0 1 0 
460990000000056     1630503787359659 0 0 0 0 0 0 0 0 1 0 
460990000000068     1630503787744485 0 0 0 0 0 0 0 0 1 0 
460990000000048     1630503788757106 0 0 0 0 0 0 0 0 1 0 
460990000000095     1630503789833073 0 0 0 0 0 0 0 0 1 0 
460990000000077     1630503790872578 0 0 0 0 0 0 0 0 1 0 
460990000000015     1630503791935352 0 0 0 0 0 0 0 0 1 0 
460990000000071     1630503792959550 0 0 0 0 0 0 0 0 1 0 
460990000000070     1630503794011056 0 0 0 0 0 0 0 0 1 0 
460990000000069     1630503795020639 0 0 0 0 0 0 0 0 1 0 
460990000000054     1630503796063810 0 0 0 0 0 0 0 0 1 0 
460990000000092     1630503797083031 0 0 0 0 0 0 0 0 0 1 
460990000000084     1630503797906507 0 0 0 0 0 0 0 0 0 1 
460990000000025     1630503798878478 0 0 0 0 0 0 0 0 0 1 
460990000000079     1630503799872834 0 0 0 0 0 0 0 0 0 1 
460990000000085     1630503800867927 0 0 0 0 0 0 0 0 0 1 
460990000000034     1630503801031574 0 0 0 0 0 0 0 0 0 1 
460990000000017     1630503801988602 0 0 0 0 0 0 0 0 0 1 
460990000000014     1630503802831258 0 0 0 0 0 0 0 0 0 1 
460990000000032     1630503803016413 0 0 0 0 0 0 0 0 0 1 
460990000000005     1630503803923214 0 0 0 0 0 0 0 0 0 1 
460990000000027     1630503804812685 0 0 0 0 0 0 0 0 0 1 
460990000000026     1630503805667300 0 0 0 0 0 0 0 0 0 1 
460990000000036     1630503806559366 0 0 0 0 0 0 0 0 0 1 
460990000000019     1630503807435833 0 0 0 0 0 0 0 0 0 1 
460990000000029     1630503808342179 0 0 0 0 0 0 0 0 0 1 
460990000000083     1630503809239243 0 0 0 0 0 0 0 0 0 1 
460990000000006     1630503810091428 0 0 0 0 0 0 0 0 0 1 
460990000000057     1630503810930728 0 0 0 0 0 0 0 0 0 1 
460990000000081     1630503811779463 0 0 0 0 0 0 0 0 0 1 
460990000000002     1630503811954794 0 0 0 0 0 0 0 0 0 1 
460990000000007     1630503812843146 0 0 0 0 0 0 0 0 0 1 
460990000000046     1630503813710820 0 0 0 0 0 0 0 0 0 1 
460990000000030     1630503814610748 0 0 0 0 0 0 0 0 0 1 
460990000000072     1630503815488467 0 0 0 0 0 0 0 0 0 1 
460990000000040     1630503816408032 0 0 0 0 0 0 0 0 0 1 
460990000000024     1630503817298965 0 0 0 0 0 0 0 0 0 1 
460990000000016     1630503818159301 0 0 0 0 0 0 0 0 0 1 
460990000000013     1630503819060578 0 0 0 0 0 0 0 0 0 1 
460990000000050     1630503819903241 0 0 0 0 0 0 0 0 0 1 
460990000000010     1630503820852237 0 0 0 0 0 0 0 0 0 1 
460990000000076     1630503821707908 0 0 0 0 0 0 0 0 0 1 
460990000000020     1630503821923612 0 0 0 0 0 0 0 0 0 1 
460990000000096     1630503822795102 0 0 0 0 0 0 0 0 0 1 
460990000000028     1630503823669838 0 0 0 0 0 0 0 0 0 1 
460990000000001     1630503824572877 0 0 0 0 0 0 0 0 0 1 
460990000000021     1630503825497063 0 0 0 0 0 0 0 0 0 1 
460990000000067     1630503827075943 0 0 0 0 0 0 0 0 0 1 
460990000000011     1630503827237104 0 0 0 0 0 0 0 0 0 1 
460990000000061     1630503828139686 0 0 0 0 0 0 0 0 0 1 
460990000000041     1630503829034856 0 0 0 0 0 0 0 0 0 1 
460990000000038     1630503829910862 0 0 0 0 0 0 0 0 0 1 
460990000000012     1630503830822744 0 0 0 0 0 0 0 0 0 1 
460990000000066     1630503831626753 0 0 0 0 0 0 0 0 0 1 
460990000000037     1630503832482263 0 0 0 0 0 0 0 0 0 1 
460990000000075     1630503833362604 0 0 0 0 0 0 0 0 0 1 
460990000000022     1630503834215246 0 0 0 0 0 0 0 0 0 1 
460990000000091     1630503834450782 0 0 0 0 0 0 0 0 0 1 
460990000000073     1630503835323230 0 0 0 0 0 0 0 0 0 1 
460990000000039     1630503836179315 0 0 0 0 0 0 0 0 0 1 
460990000000053     1630503837091484 0 0 0 0 0 0 0 0 0 1 
460990000000078     1630503837961141 0 0 0 0 0 0 0 0 0 1 
460990000000074     1630503838816199 0 0 0 0 0 0 0 0 0 1 
460990000000063     1630503839662882 0 0 0 0 0 0 0 0 0 1 
460990000000052     1630503840498872 0 0 0 0 0 0 0 0 0 1 
460990000000060     1630503841410101 0 0 0 0 0 0 0 0 0 1 
460990000000008     1630503842268123 0 0 0 0 0 0 0 0 0 1 
460990000000065     1630503842451570 0 0 0 0 0 0 0 0 0 1 
460990000000047     1630503843300181 0 0 0 0 0 0 0 0 0 1 
460990000000004     1630503844191270 0 0 0 0 0 0 0 0 0 1 
460990000000064     1630503845143050 0 0 0 0 0 0 0 0 0 1 
460990000000031     1630503845965314 0 0 0 0 0 0 0 0 0 1 
460990000000062     1630503846787568 0 0 0 0 0 0 0 0 0 1 
460990000000059     1630503847670651 0 0 0 0 0 0 0 0 0 1 
460990000000058     1630503847881031 0 0 0 0 0 0 0 0 0 1 
460990000000089     1630503848791106 0 0 0 0 0 0 0 0 0 1 
460990000000035     1630503849658299 0 0 0 0 0 0 0 0 0 1 
460990000000033     1630503850501991 0 0 0 0 0 0 0 0 0 1 
460990000000044     1630503851363202 0 0 0 0 0 0 0 0 0 1 
460990000000055     1630503852206366 0 0 0 0 0 0 0 0 0 1 
460990000000009     1630503853096549 0 0 0 0 0 0 0 0 0 1 
460990000000023     1630503853987239 0 0 0 0 0 0 0 0 0 1 
460990000000003     1630503854838137 0 0 0 0 0 0 0 0 0 1 
460990000000042     1630503855955364 0 0 0 0 0 0 0 0 0 1 
460990000000043     1630503856831297 0 0 0 0 0 0 0 0 0 1 
460990000000045     1630503857726919 0 0 0 0 0 0 0 0 0 1 
460990000000051     1630503858592487 0 0 0 0 0 0 0 0 0 1 
460990000000049     1630503859490769 0 0 0 0 0 0 0 0 0 1 
460990000000056     1630503860314280 0 0 0 0 0 0 0 0 0 1 
460990000000068     1630503861218298 0 0 0 0 0 0 0 0 0 1 
460990000000048     1630503862098929 0 0 0 0 0 0 0 0 0 1 
460990000000095     1630503862295079 0 0 0 0 0 0 0 0 0 1 
460990000000077     1630503863143416 0 0 0 0 0 0 0 0 0 1 
460990000000015     1630503864044188 0 0 0 0 0 0 0 0 0 1 
460990000000071     1630503865003399 0 0 0 0 0 0 0 0 0 1 
460990000000070     1630503865866847 0 0 0 0 0 0 0 0 0 1 
460990000000069     1630503866703044 0 0 0 0 0 0 0 0 0 1 
460990000000054     1630503867561845 0 0 0 0 0 0 0 0 0 1 
