460990000000100     1630504878628401	1	0	0	0	0	0	0	0	0	0	
460990000000100     1630504878628660 0 1 0 0 0 0 0 0 0 0 
460990000000100     1630504878628813 0 0 1 0 0 0 0 0 0 0 
460990000000099     1630504878629070	1	0	0	0	0	0	0	0	0	0	
460990000000099     1630504878629243 0 1 0 0 0 0 0 0 0 0 
460990000000099     1630504878629328 0 0 1 0 0 0 0 0 0 0 
460990000000100     1630504878629363 0 0 0 1 0 0 0 0 0 0 
460990000000098     1630504878629480	1	0	0	0	0	0	0	0	0	0	
460990000000098     1630504878629662 0 1 0 0 0 0 0 0 0 0 
460990000000098     1630504878629732 0 0 1 0 0 0 0 0 0 0 
460990000000098     1630504878630151 0 0 0 1 0 0 0 0 0 0 
460990000000093     1630504878631067	1	0	0	0	0	0	0	0	0	0	
460990000000093     1630504878631236 0 1 0 0 0 0 0 0 0 0 
460990000000093     1630504878631327 0 0 1 0 0 0 0 0 0 0 
460990000000090     1630504878631713	1	0	0	0	0	0	0	0	0	0	
460990000000090     1630504878631986 0 1 0 0 0 0 0 0 0 0 
460990000000090     1630504878632419 0 0 1 0 0 0 0 0 0 0 
460990000000099     1630504878630538 0 0 0 1 0 0 0 0 0 0 
460990000000097     1630504878630716	1	0	0	0	0	0	0	0	0	0	
460990000000097     1630504878633028 0 1 0 0 0 0 0 0 0 0 
460990000000097     1630504878633205 0 0 1 0 0 0 0 0 0 0 
460990000000097     1630504878634824 0 0 0 1 0 0 0 0 0 0 
460990000000090     1630504878634882 0 0 0 1 0 0 0 0 0 0 
460990000000093     1630504878635141 0 0 0 1 0 0 0 0 0 0 
460990000000083     1630504878637178	1	0	0	0	0	0	0	0	0	0	
460990000000083     1630504878639625 0 1 0 0 0 0 0 0 0 0 
460990000000092     1630504878636977	1	0	0	0	0	0	0	0	0	0	
460990000000084     1630504878640406	1	0	0	0	0	0	0	0	0	0	
460990000000087     1630504878640438	1	0	0	0	0	0	0	0	0	0	
460990000000087     1630504878640532 0 1 0 0 0 0 0 0 0 0 
460990000000087     1630504878640595 0 0 1 0 0 0 0 0 0 0 
460990000000084     1630504878640677 0 1 0 0 0 0 0 0 0 0 
460990000000084     1630504878640756 0 0 1 0 0 0 0 0 0 0 
460990000000089     1630504878640768	1	0	0	0	0	0	0	0	0	0	
460990000000089     1630504878640843 0 1 0 0 0 0 0 0 0 0 
460990000000088     1630504878637104	1	0	0	0	0	0	0	0	0	0	
460990000000088     1630504878641581 0 1 0 0 0 0 0 0 0 0 
460990000000085     1630504878641253	1	0	0	0	0	0	0	0	0	0	
460990000000094     1630504878641122	1	0	0	0	0	0	0	0	0	0	
460990000000083     1630504878641681 0 0 1 0 0 0 0 0 0 0 
460990000000085     1630504878642474 0 1 0 0 0 0 0 0 0 0 
460990000000092     1630504878642582 0 1 0 0 0 0 0 0 0 0 
460990000000089     1630504878641882 0 0 1 0 0 0 0 0 0 0 
460990000000088     1630504878642516 0 0 1 0 0 0 0 0 0 0 
460990000000088     1630504878643275 0 0 0 1 0 0 0 0 0 0 
460990000000094     1630504878643254 0 1 0 0 0 0 0 0 0 0 
460990000000085     1630504878642814 0 0 1 0 0 0 0 0 0 0 
460990000000092     1630504878643521 0 0 1 0 0 0 0 0 0 0 
460990000000082     1630504878643899	1	0	0	0	0	0	0	0	0	0	
460990000000094     1630504878643785 0 0 1 0 0 0 0 0 0 0 
460990000000089     1630504878644307 0 0 0 1 0 0 0 0 0 0 
460990000000027     1630504878644428	1	0	0	0	0	0	0	0	0	0	
460990000000094     1630504878644610 0 0 0 1 0 0 0 0 0 0 
460990000000035     1630504878644275	1	0	0	0	0	0	0	0	0	0	
460990000000082     1630504878644979 0 1 0 0 0 0 0 0 0 0 
460990000000035     1630504878645123 0 1 0 0 0 0 0 0 0 0 
460990000000079     1630504878644975	1	0	0	0	0	0	0	0	0	0	
460990000000081     1630504878646232	1	0	0	0	0	0	0	0	0	0	
460990000000087     1630504878644535 0 0 0 1 0 0 0 0 0 0 
460990000000084     1630504878645107 0 0 0 1 0 0 0 0 0 0 
460990000000082     1630504878645101 0 0 1 0 0 0 0 0 0 0 
460990000000032     1630504878645378	1	0	0	0	0	0	0	0	0	0	
460990000000086     1630504878646374	1	0	0	0	0	0	0	0	0	0	
460990000000085     1630504878646437 0 0 0 1 0 0 0 0 0 0 
460990000000081     1630504878646524 0 1 0 0 0 0 0 0 0 0 
460990000000032     1630504878646585 0 1 0 0 0 0 0 0 0 0 
460990000000017     1630504878645232	1	0	0	0	0	0	0	0	0	0	
460990000000079     1630504878646709 0 1 0 0 0 0 0 0 0 0 
460990000000017     1630504878646833 0 1 0 0 0 0 0 0 0 0 
460990000000082     1630504878647099 0 0 0 1 0 0 0 0 0 0 
460990000000092     1630504878648984 0 0 0 1 0 0 0 0 0 0 
460990000000014     1630504878644384	1	0	0	0	0	0	0	0	0	0	
460990000000027     1630504878649503 0 1 0 0 0 0 0 0 0 0 
460990000000017     1630504878647000 0 0 1 0 0 0 0 0 0 0 
460990000000034     1630504878646922	1	0	0	0	0	0	0	0	0	0	
460990000000083     1630504878649022 0 0 0 1 0 0 0 0 0 0 
460990000000079     1630504878647072 0 0 1 0 0 0 0 0 0 0 
460990000000086     1630504878653299 0 1 0 0 0 0 0 0 0 0 
460990000000027     1630504878653256 0 0 1 0 0 0 0 0 0 0 
460990000000014     1630504878653416 0 1 0 0 0 0 0 0 0 0 
460990000000034     1630504878654382 0 1 0 0 0 0 0 0 0 0 
460990000000035     1630504878646540 0 0 1 0 0 0 0 0 0 0 
460990000000081     1630504878648962 0 0 1 0 0 0 0 0 0 0 
460990000000086     1630504878653704 0 0 1 0 0 0 0 0 0 0 
460990000000027     1630504878654584 0 0 0 1 0 0 0 0 0 0 
460990000000080     1630504878653407	1	0	0	0	0	0	0	0	0	0	
460990000000080     1630504878654969 0 1 0 0 0 0 0 0 0 0 
460990000000032     1630504878653119 0 0 1 0 0 0 0 0 0 0 
460990000000086     1630504878655049 0 0 0 1 0 0 0 0 0 0 
460990000000014     1630504878654542 0 0 1 0 0 0 0 0 0 0 
460990000000079     1630504878655275 0 0 0 1 0 0 0 0 0 0 
460990000000014     1630504878655441 0 0 0 1 0 0 0 0 0 0 
460990000000035     1630504878655216 0 0 0 1 0 0 0 0 0 0 
460990000000080     1630504878655168 0 0 1 0 0 0 0 0 0 0 
460990000000034     1630504878655259 0 0 1 0 0 0 0 0 0 0 
460990000000017     1630504878655418 0 0 0 1 0 0 0 0 0 0 
460990000000081     1630504878656096 0 0 0 1 0 0 0 0 0 0 
460990000000034     1630504878656226 0 0 0 1 0 0 0 0 0 0 
460990000000032     1630504878656972 0 0 0 1 0 0 0 0 0 0 
460990000000080     1630504878658514 0 0 0 1 0 0 0 0 0 0 
460990000000004     1630504878663349	1	0	0	0	0	0	0	0	0	0	
460990000000007     1630504878666766	1	0	0	0	0	0	0	0	0	0	
460990000000007     1630504878666880 0 1 0 0 0 0 0 0 0 0 
460990000000007     1630504878667033 0 0 1 0 0 0 0 0 0 0 
460990000000004     1630504878668451 0 1 0 0 0 0 0 0 0 0 
460990000000004     1630504878668544 0 0 1 0 0 0 0 0 0 0 
460990000000024     1630504878668661	1	0	0	0	0	0	0	0	0	0	
460990000000057     1630504878668752	1	0	0	0	0	0	0	0	0	0	
460990000000057     1630504878668840 0 1 0 0 0 0 0 0 0 0 
460990000000019     1630504878668582	1	0	0	0	0	0	0	0	0	0	
460990000000057     1630504878668922 0 0 1 0 0 0 0 0 0 0 
460990000000016     1630504878669108	1	0	0	0	0	0	0	0	0	0	
460990000000016     1630504878669214 0 1 0 0 0 0 0 0 0 0 
460990000000024     1630504878669703 0 1 0 0 0 0 0 0 0 0 
460990000000036     1630504878669724	1	0	0	0	0	0	0	0	0	0	
460990000000024     1630504878669773 0 0 1 0 0 0 0 0 0 0 
460990000000016     1630504878669791 0 0 1 0 0 0 0 0 0 0 
460990000000009     1630504878670312	1	0	0	0	0	0	0	0	0	0	
460990000000009     1630504878670531 0 1 0 0 0 0 0 0 0 0 
460990000000036     1630504878671986 0 1 0 0 0 0 0 0 0 0 
460990000000019     1630504878672198 0 1 0 0 0 0 0 0 0 0 
460990000000009     1630504878672279 0 0 1 0 0 0 0 0 0 0 
460990000000019     1630504878672756 0 0 1 0 0 0 0 0 0 0 
460990000000036     1630504878672621 0 0 1 0 0 0 0 0 0 0 
460990000000029     1630504878674423	1	0	0	0	0	0	0	0	0	0	
460990000000076     1630504878675010	1	0	0	0	0	0	0	0	0	0	
460990000000059     1630504878675112	1	0	0	0	0	0	0	0	0	0	
460990000000008     1630504878675346	1	0	0	0	0	0	0	0	0	0	
460990000000030     1630504878675337	1	0	0	0	0	0	0	0	0	0	
460990000000076     1630504878675431 0 1 0 0 0 0 0 0 0 0 
460990000000076     1630504878675511 0 0 1 0 0 0 0 0 0 0 
460990000000029     1630504878675452 0 1 0 0 0 0 0 0 0 0 
460990000000030     1630504878675655 0 1 0 0 0 0 0 0 0 0 
460990000000059     1630504878675660 0 1 0 0 0 0 0 0 0 0 
460990000000030     1630504878675751 0 0 1 0 0 0 0 0 0 0 
460990000000059     1630504878676010 0 0 1 0 0 0 0 0 0 0 
460990000000022     1630504878676132	1	0	0	0	0	0	0	0	0	0	
460990000000008     1630504878676191 0 1 0 0 0 0 0 0 0 0 
460990000000022     1630504878676198 0 1 0 0 0 0 0 0 0 0 
460990000000022     1630504878676267 0 0 1 0 0 0 0 0 0 0 
460990000000044     1630504878676496	1	0	0	0	0	0	0	0	0	0	
460990000000008     1630504878676867 0 0 1 0 0 0 0 0 0 0 
460990000000040     1630504878677357	1	0	0	0	0	0	0	0	0	0	
460990000000040     1630504878677587 0 1 0 0 0 0 0 0 0 0 
460990000000001     1630504878677784	1	0	0	0	0	0	0	0	0	0	
460990000000001     1630504878677954 0 1 0 0 0 0 0 0 0 0 
460990000000044     1630504878678037 0 1 0 0 0 0 0 0 0 0 
460990000000001     1630504878678037 0 0 1 0 0 0 0 0 0 0 
460990000000040     1630504878678044 0 0 1 0 0 0 0 0 0 0 
460990000000044     1630504878678145 0 0 1 0 0 0 0 0 0 0 
460990000000002     1630504878678158	1	0	0	0	0	0	0	0	0	0	
460990000000025     1630504878678414	1	0	0	0	0	0	0	0	0	0	
460990000000002     1630504878678462 0 1 0 0 0 0 0 0 0 0 
460990000000025     1630504878678587 0 1 0 0 0 0 0 0 0 0 
460990000000002     1630504878678807 0 0 1 0 0 0 0 0 0 0 
460990000000025     1630504878678804 0 0 1 0 0 0 0 0 0 0 
460990000000029     1630504878678883 0 0 1 0 0 0 0 0 0 0 
460990000000013     1630504878678909	1	0	0	0	0	0	0	0	0	0	
460990000000013     1630504878679295 0 1 0 0 0 0 0 0 0 0 
460990000000013     1630504878679407 0 0 1 0 0 0 0 0 0 0 
460990000000046     1630504878680071	1	0	0	0	0	0	0	0	0	0	
460990000000011     1630504878680101	1	0	0	0	0	0	0	0	0	0	
460990000000011     1630504878680323 0 1 0 0 0 0 0 0 0 0 
460990000000006     1630504878680332	1	0	0	0	0	0	0	0	0	0	
460990000000011     1630504878680396 0 0 1 0 0 0 0 0 0 0 
460990000000005     1630504878680511	1	0	0	0	0	0	0	0	0	0	
460990000000026     1630504878681063	1	0	0	0	0	0	0	0	0	0	
460990000000031     1630504878681106	1	0	0	0	0	0	0	0	0	0	
460990000000031     1630504878681198 0 1 0 0 0 0 0 0 0 0 
460990000000026     1630504878681303 0 1 0 0 0 0 0 0 0 0 
460990000000005     1630504878681400 0 1 0 0 0 0 0 0 0 0 
460990000000091     1630504878681284	1	0	0	0	0	0	0	0	0	0	
460990000000061     1630504878681607	1	0	0	0	0	0	0	0	0	0	
460990000000091     1630504878681663 0 1 0 0 0 0 0 0 0 0 
460990000000061     1630504878681730 0 1 0 0 0 0 0 0 0 0 
460990000000061     1630504878681848 0 0 1 0 0 0 0 0 0 0 
460990000000091     1630504878681911 0 0 1 0 0 0 0 0 0 0 
460990000000005     1630504878682653 0 0 1 0 0 0 0 0 0 0 
460990000000046     1630504878682894 0 1 0 0 0 0 0 0 0 0 
460990000000067     1630504878683132	1	0	0	0	0	0	0	0	0	0	
460990000000067     1630504878683204 0 1 0 0 0 0 0 0 0 0 
460990000000026     1630504878682168 0 0 1 0 0 0 0 0 0 0 
460990000000021     1630504878683395	1	0	0	0	0	0	0	0	0	0	
460990000000021     1630504878683735 0 1 0 0 0 0 0 0 0 0 
460990000000006     1630504878683868 0 1 0 0 0 0 0 0 0 0 
460990000000046     1630504878683692 0 0 1 0 0 0 0 0 0 0 
460990000000006     1630504878684520 0 0 1 0 0 0 0 0 0 0 
460990000000067     1630504878684898 0 0 1 0 0 0 0 0 0 0 
460990000000031     1630504878682601 0 0 1 0 0 0 0 0 0 0 
460990000000021     1630504878686215 0 0 1 0 0 0 0 0 0 0 
460990000000028     1630504878689352	1	0	0	0	0	0	0	0	0	0	
460990000000096     1630504878691829	1	0	0	0	0	0	0	0	0	0	
460990000000096     1630504878691956 0 1 0 0 0 0 0 0 0 0 
460990000000096     1630504878692045 0 0 1 0 0 0 0 0 0 0 
460990000000010     1630504878692235	1	0	0	0	0	0	0	0	0	0	
460990000000058     1630504878692425	1	0	0	0	0	0	0	0	0	0	
460990000000012     1630504878692627	1	0	0	0	0	0	0	0	0	0	
460990000000057     1630504878693542 0 0 0 1 0 0 0 0 0 0 
460990000000024     1630504878693557 0 0 0 1 0 0 0 0 0 0 
460990000000016     1630504878693948 0 0 0 1 0 0 0 0 0 0 
460990000000066     1630504878693980	1	0	0	0	0	0	0	0	0	0	
460990000000038     1630504878694081	1	0	0	0	0	0	0	0	0	0	
460990000000066     1630504878694319 0 1 0 0 0 0 0 0 0 0 
460990000000066     1630504878694439 0 0 1 0 0 0 0 0 0 0 
460990000000050     1630504878695173	1	0	0	0	0	0	0	0	0	0	
460990000000050     1630504878695262 0 1 0 0 0 0 0 0 0 0 
460990000000028     1630504878695420 0 1 0 0 0 0 0 0 0 0 
460990000000028     1630504878695500 0 0 1 0 0 0 0 0 0 0 
460990000000072     1630504878695446	1	0	0	0	0	0	0	0	0	0	
460990000000050     1630504878695639 0 0 1 0 0 0 0 0 0 0 
460990000000033     1630504878695682	1	0	0	0	0	0	0	0	0	0	
460990000000072     1630504878695873 0 1 0 0 0 0 0 0 0 0 
460990000000033     1630504878695881 0 1 0 0 0 0 0 0 0 0 
460990000000038     1630504878695645 0 1 0 0 0 0 0 0 0 0 
460990000000010     1630504878695661 0 1 0 0 0 0 0 0 0 0 
460990000000041     1630504878695817	1	0	0	0	0	0	0	0	0	0	
460990000000010     1630504878696158 0 0 1 0 0 0 0 0 0 0 
460990000000033     1630504878696192 0 0 1 0 0 0 0 0 0 0 
460990000000041     1630504878696428 0 1 0 0 0 0 0 0 0 0 
460990000000043     1630504878696214	1	0	0	0	0	0	0	0	0	0	
460990000000037     1630504878696408	1	0	0	0	0	0	0	0	0	0	
460990000000072     1630504878696398 0 0 1 0 0 0 0 0 0 0 
460990000000043     1630504878696583 0 1 0 0 0 0 0 0 0 0 
460990000000043     1630504878696655 0 0 1 0 0 0 0 0 0 0 
460990000000037     1630504878697001 0 1 0 0 0 0 0 0 0 0 
460990000000037     1630504878697079 0 0 1 0 0 0 0 0 0 0 
460990000000038     1630504878697142 0 0 1 0 0 0 0 0 0 0 
460990000000073     1630504878697226	1	0	0	0	0	0	0	0	0	0	
460990000000041     1630504878697261 0 0 1 0 0 0 0 0 0 0 
460990000000073     1630504878697429 0 1 0 0 0 0 0 0 0 0 
460990000000012     1630504878697438 0 1 0 0 0 0 0 0 0 0 
460990000000073     1630504878697515 0 0 1 0 0 0 0 0 0 0 
460990000000012     1630504878697657 0 0 1 0 0 0 0 0 0 0 
460990000000045     1630504878697807	1	0	0	0	0	0	0	0	0	0	
460990000000055     1630504878698075	1	0	0	0	0	0	0	0	0	0	
460990000000045     1630504878698148 0 1 0 0 0 0 0 0 0 0 
460990000000055     1630504878698197 0 1 0 0 0 0 0 0 0 0 
460990000000055     1630504878698268 0 0 1 0 0 0 0 0 0 0 
460990000000045     1630504878698278 0 0 1 0 0 0 0 0 0 0 
460990000000007     1630504878698383 0 0 0 1 0 0 0 0 0 0 
460990000000058     1630504878699899 0 1 0 0 0 0 0 0 0 0 
460990000000058     1630504878700015 0 0 1 0 0 0 0 0 0 0 
460990000000075     1630504878700689	1	0	0	0	0	0	0	0	0	0	
460990000000075     1630504878700778 0 1 0 0 0 0 0 0 0 0 
460990000000075     1630504878700847 0 0 1 0 0 0 0 0 0 0 
460990000000023     1630504878701541	1	0	0	0	0	0	0	0	0	0	
460990000000049     1630504878701666	1	0	0	0	0	0	0	0	0	0	
460990000000049     1630504878701753 0 1 0 0 0 0 0 0 0 0 
460990000000023     1630504878701784 0 1 0 0 0 0 0 0 0 0 
460990000000056     1630504878701809	1	0	0	0	0	0	0	0	0	0	
460990000000049     1630504878701827 0 0 1 0 0 0 0 0 0 0 
460990000000023     1630504878701906 0 0 1 0 0 0 0 0 0 0 
460990000000077     1630504878702007	1	0	0	0	0	0	0	0	0	0	
460990000000054     1630504878702013	1	0	0	0	0	0	0	0	0	0	
460990000000056     1630504878702031 0 1 0 0 0 0 0 0 0 0 
460990000000077     1630504878702105 0 1 0 0 0 0 0 0 0 0 
460990000000056     1630504878702240 0 0 1 0 0 0 0 0 0 0 
460990000000065     1630504878702283	1	0	0	0	0	0	0	0	0	0	
460990000000077     1630504878702247 0 0 1 0 0 0 0 0 0 0 
460990000000065     1630504878702366 0 1 0 0 0 0 0 0 0 0 
460990000000065     1630504878702488 0 0 1 0 0 0 0 0 0 0 
460990000000054     1630504878702786 0 1 0 0 0 0 0 0 0 0 
460990000000054     1630504878702882 0 0 1 0 0 0 0 0 0 0 
460990000000060     1630504878703079	1	0	0	0	0	0	0	0	0	0	
460990000000060     1630504878703167 0 1 0 0 0 0 0 0 0 0 
460990000000060     1630504878703598 0 0 1 0 0 0 0 0 0 0 
460990000000047     1630504878703636	1	0	0	0	0	0	0	0	0	0	
460990000000047     1630504878703899 0 1 0 0 0 0 0 0 0 0 
460990000000047     1630504878704019 0 0 1 0 0 0 0 0 0 0 
460990000000078     1630504878708375	1	0	0	0	0	0	0	0	0	0	
460990000000042     1630504878708429	1	0	0	0	0	0	0	0	0	0	
460990000000078     1630504878708527 0 1 0 0 0 0 0 0 0 0 
460990000000078     1630504878708659 0 0 1 0 0 0 0 0 0 0 
460990000000042     1630504878709544 0 1 0 0 0 0 0 0 0 0 
460990000000042     1630504878709697 0 0 1 0 0 0 0 0 0 0 
460990000000004     1630504878739060 0 0 0 1 0 0 0 0 0 0 
460990000000036     1630504878739117 0 0 0 1 0 0 0 0 0 0 
460990000000019     1630504878739206 0 0 0 1 0 0 0 0 0 0 
460990000000009     1630504878739225 0 0 0 1 0 0 0 0 0 0 
460990000000030     1630504878739246 0 0 0 1 0 0 0 0 0 0 
460990000000022     1630504878739287 0 0 0 1 0 0 0 0 0 0 
460990000000076     1630504878739328 0 0 0 1 0 0 0 0 0 0 
460990000000059     1630504878739350 0 0 0 1 0 0 0 0 0 0 
460990000000008     1630504878743863 0 0 0 1 0 0 0 0 0 0 
460990000000044     1630504878743986 0 0 0 1 0 0 0 0 0 0 
460990000000029     1630504878744113 0 0 0 1 0 0 0 0 0 0 
460990000000040     1630504878744143 0 0 0 1 0 0 0 0 0 0 
460990000000025     1630504878744151 0 0 0 1 0 0 0 0 0 0 
460990000000001     1630504878744193 0 0 0 1 0 0 0 0 0 0 
460990000000013     1630504878744223 0 0 0 1 0 0 0 0 0 0 
460990000000002     1630504878744396 0 0 0 1 0 0 0 0 0 0 
460990000000011     1630504878744862 0 0 0 1 0 0 0 0 0 0 
460990000000091     1630504878759488 0 0 0 1 0 0 0 0 0 0 
460990000000026     1630504878759534 0 0 0 1 0 0 0 0 0 0 
460990000000061     1630504878759588 0 0 0 1 0 0 0 0 0 0 
460990000000005     1630504878759640 0 0 0 1 0 0 0 0 0 0 
460990000000046     1630504878773283 0 0 0 1 0 0 0 0 0 0 
460990000000021     1630504878795395 0 0 0 1 0 0 0 0 0 0 
460990000000031     1630504878795483 0 0 0 1 0 0 0 0 0 0 
460990000000006     1630504878795714 0 0 0 1 0 0 0 0 0 0 
460990000000067     1630504878795846 0 0 0 1 0 0 0 0 0 0 
460990000000096     1630504878803520 0 0 0 1 0 0 0 0 0 0 
460990000000066     1630504878803652 0 0 0 1 0 0 0 0 0 0 
460990000000050     1630504878822535 0 0 0 1 0 0 0 0 0 0 
460990000000033     1630504878822549 0 0 0 1 0 0 0 0 0 0 
460990000000072     1630504878822849 0 0 0 1 0 0 0 0 0 0 
460990000000010     1630504878830504 0 0 0 1 0 0 0 0 0 0 
460990000000028     1630504878830518 0 0 0 1 0 0 0 0 0 0 
460990000000043     1630504878830481 0 0 0 1 0 0 0 0 0 0 
460990000000037     1630504878834349 0 0 0 1 0 0 0 0 0 0 
460990000000038     1630504878834431 0 0 0 1 0 0 0 0 0 0 
460990000000041     1630504878841993 0 0 0 1 0 0 0 0 0 0 
460990000000073     1630504878842029 0 0 0 1 0 0 0 0 0 0 
460990000000012     1630504878842189 0 0 0 1 0 0 0 0 0 0 
460990000000055     1630504878857006 0 0 0 1 0 0 0 0 0 0 
460990000000045     1630504878864092 0 0 0 1 0 0 0 0 0 0 
460990000000058     1630504878890727 0 0 0 1 0 0 0 0 0 0 
460990000000075     1630504878895528 0 0 0 1 0 0 0 0 0 0 
460990000000023     1630504878900348 0 0 0 1 0 0 0 0 0 0 
460990000000056     1630504878900536 0 0 0 1 0 0 0 0 0 0 
460990000000065     1630504878900593 0 0 0 1 0 0 0 0 0 0 
460990000000054     1630504878900640 0 0 0 1 0 0 0 0 0 0 
460990000000049     1630504878900727 0 0 0 1 0 0 0 0 0 0 
460990000000047     1630504878900829 0 0 0 1 0 0 0 0 0 0 
460990000000078     1630504878900965 0 0 0 1 0 0 0 0 0 0 
460990000000077     1630504878901027 0 0 0 1 0 0 0 0 0 0 
460990000000060     1630504878901048 0 0 0 1 0 0 0 0 0 0 
460990000000098     1630504878901247 0 0 0 0 1 0 0 0 0 0 
460990000000042     1630504878901396 0 0 0 1 0 0 0 0 0 0 
460990000000100     1630504878901484 0 0 0 0 1 0 0 0 0 0 
460990000000099     1630504878948930 0 0 0 0 1 0 0 0 0 0 
460990000000097     1630504879043667 0 0 0 0 1 0 0 0 0 0 
460990000000093     1630504879112771 0 0 0 0 1 0 0 0 0 0 
460990000000090     1630504879209877 0 0 0 0 1 0 0 0 0 0 
460990000000088     1630504879343988 0 0 0 0 1 0 0 0 0 0 
460990000000089     1630504879417468 0 0 0 0 1 0 0 0 0 0 
460990000000087     1630504879515235 0 0 0 0 1 0 0 0 0 0 
460990000000094     1630504879572988 0 0 0 0 1 0 0 0 0 0 
460990000000084     1630504879686412 0 0 0 0 1 0 0 0 0 0 
460990000000085     1630504879764887 0 0 0 0 1 0 0 0 0 0 
460990000000082     1630504879873935 0 0 0 0 1 0 0 0 0 0 
460990000000092     1630504879949396 0 0 0 0 1 0 0 0 0 0 
460990000000083     1630504880047145 0 0 0 0 1 0 0 0 0 0 
460990000000027     1630504880108024 0 0 0 0 1 0 0 0 0 0 
460990000000086     1630504880193037 0 0 0 0 1 0 0 0 0 0 
460990000000035     1630504880261707 0 0 0 0 1 0 0 0 0 0 
460990000000079     1630504880359036 0 0 0 0 1 0 0 0 0 0 
460990000000017     1630504880429115 0 0 0 0 1 0 0 0 0 0 
460990000000014     1630504880490753 0 0 0 0 1 0 0 0 0 0 
460990000000081     1630504880634353 0 0 0 0 1 0 0 0 0 0 
460990000000034     1630504880695976 0 0 0 0 1 0 0 0 0 0 
460990000000032     1630504880796611 0 0 0 0 1 0 0 0 0 0 
460990000000080     1630504880856373 0 0 0 0 1 0 0 0 0 0 
460990000000024     1630504880981771 0 0 0 0 1 0 0 0 0 0 
460990000000057     1630504881048522 0 0 0 0 1 0 0 0 0 0 
460990000000016     1630504881141499 0 0 0 0 1 0 0 0 0 0 
460990000000063     1630504881182162	1	0	0	0	0	0	0	0	0	0	
460990000000003     1630504881182323	1	0	0	0	0	0	0	0	0	0	
460990000000063     1630504881182565 0 1 0 0 0 0 0 0 0 0 
460990000000003     1630504881182573 0 1 0 0 0 0 0 0 0 0 
460990000000020     1630504881182680	1	0	0	0	0	0	0	0	0	0	
460990000000063     1630504881182709 0 0 1 0 0 0 0 0 0 0 
460990000000020     1630504881182756 0 1 0 0 0 0 0 0 0 0 
460990000000020     1630504881182832 0 0 1 0 0 0 0 0 0 0 
460990000000003     1630504881183110 0 0 1 0 0 0 0 0 0 0 
460990000000020     1630504881183453 0 0 0 1 0 0 0 0 0 0 
460990000000063     1630504881183597 0 0 0 1 0 0 0 0 0 0 
460990000000003     1630504881183575 0 0 0 1 0 0 0 0 0 0 
460990000000018     1630504881188258	1	0	0	0	0	0	0	0	0	0	
460990000000018     1630504881189103 0 1 0 0 0 0 0 0 0 0 
460990000000018     1630504881189329 0 0 1 0 0 0 0 0 0 0 
460990000000018     1630504881189650 0 0 0 1 0 0 0 0 0 0 
460990000000039     1630504881192168	1	0	0	0	0	0	0	0	0	0	
460990000000039     1630504881192279 0 1 0 0 0 0 0 0 0 0 
460990000000039     1630504881192370 0 0 1 0 0 0 0 0 0 0 
460990000000039     1630504881192995 0 0 0 1 0 0 0 0 0 0 
460990000000053     1630504881194123	1	0	0	0	0	0	0	0	0	0	
460990000000053     1630504881194225 0 1 0 0 0 0 0 0 0 0 
460990000000053     1630504881194310 0 0 1 0 0 0 0 0 0 0 
460990000000053     1630504881194732 0 0 0 1 0 0 0 0 0 0 
460990000000095     1630504881197446	1	0	0	0	0	0	0	0	0	0	
460990000000095     1630504881197527 0 1 0 0 0 0 0 0 0 0 
460990000000095     1630504881197605 0 0 1 0 0 0 0 0 0 0 
460990000000095     1630504881198127 0 0 0 1 0 0 0 0 0 0 
460990000000015     1630504881198158	1	0	0	0	0	0	0	0	0	0	
460990000000051     1630504881198198	1	0	0	0	0	0	0	0	0	0	
460990000000064     1630504881198167	1	0	0	0	0	0	0	0	0	0	
460990000000068     1630504881198263	1	0	0	0	0	0	0	0	0	0	
460990000000062     1630504881198237	1	0	0	0	0	0	0	0	0	0	
460990000000068     1630504881198337 0 1 0 0 0 0 0 0 0 0 
460990000000068     1630504881198439 0 0 1 0 0 0 0 0 0 0 
460990000000048     1630504881198464	1	0	0	0	0	0	0	0	0	0	
460990000000048     1630504881198547 0 1 0 0 0 0 0 0 0 0 
460990000000048     1630504881198637 0 0 1 0 0 0 0 0 0 0 
460990000000064     1630504881198735 0 1 0 0 0 0 0 0 0 0 
460990000000064     1630504881198931 0 0 1 0 0 0 0 0 0 0 
460990000000074     1630504881200168	1	0	0	0	0	0	0	0	0	0	
460990000000074     1630504881200334 0 1 0 0 0 0 0 0 0 0 
460990000000074     1630504881200589 0 0 1 0 0 0 0 0 0 0 
460990000000069     1630504881205016	1	0	0	0	0	0	0	0	0	0	
460990000000070     1630504881205025	1	0	0	0	0	0	0	0	0	0	
460990000000071     1630504881205050	1	0	0	0	0	0	0	0	0	0	
460990000000070     1630504881205153 0 1 0 0 0 0 0 0 0 0 
460990000000071     1630504881205243 0 1 0 0 0 0 0 0 0 0 
460990000000070     1630504881205221 0 0 1 0 0 0 0 0 0 0 
460990000000051     1630504881205259 0 1 0 0 0 0 0 0 0 0 
460990000000071     1630504881205367 0 0 1 0 0 0 0 0 0 0 
460990000000052     1630504881205362	1	0	0	0	0	0	0	0	0	0	
460990000000051     1630504881205432 0 0 1 0 0 0 0 0 0 0 
460990000000062     1630504881205455 0 1 0 0 0 0 0 0 0 0 
460990000000052     1630504881205490 0 1 0 0 0 0 0 0 0 0 
460990000000062     1630504881205538 0 0 1 0 0 0 0 0 0 0 
460990000000052     1630504881205590 0 0 1 0 0 0 0 0 0 0 
460990000000064     1630504881205992 0 0 0 1 0 0 0 0 0 0 
460990000000070     1630504881206014 0 0 0 1 0 0 0 0 0 0 
460990000000048     1630504881206082 0 0 0 1 0 0 0 0 0 0 
460990000000068     1630504881206061 0 0 0 1 0 0 0 0 0 0 
460990000000051     1630504881206293 0 0 0 1 0 0 0 0 0 0 
460990000000062     1630504881206346 0 0 0 1 0 0 0 0 0 0 
460990000000071     1630504881206465 0 0 0 1 0 0 0 0 0 0 
460990000000052     1630504881206486 0 0 0 1 0 0 0 0 0 0 
460990000000015     1630504881206900 0 1 0 0 0 0 0 0 0 0 
460990000000074     1630504881206919 0 0 0 1 0 0 0 0 0 0 
460990000000015     1630504881207037 0 0 1 0 0 0 0 0 0 0 
460990000000015     1630504881207365 0 0 0 1 0 0 0 0 0 0 
460990000000069     1630504881210412 0 1 0 0 0 0 0 0 0 0 
460990000000069     1630504881210504 0 0 1 0 0 0 0 0 0 0 
460990000000069     1630504881210867 0 0 0 1 0 0 0 0 0 0 
460990000000007     1630504881231144 0 0 0 0 1 0 0 0 0 0 
460990000000004     1630504881292353 0 0 0 0 1 0 0 0 0 0 
460990000000036     1630504881385783 0 0 0 0 1 0 0 0 0 0 
460990000000009     1630504881486103 0 0 0 0 1 0 0 0 0 0 
460990000000019     1630504881555087 0 0 0 0 1 0 0 0 0 0 
460990000000030     1630504881649058 0 0 0 0 1 0 0 0 0 0 
460990000000059     1630504881691859 0 0 0 0 1 0 0 0 0 0 
460990000000076     1630504881743142 0 0 0 0 1 0 0 0 0 0 
460990000000022     1630504881807989 0 0 0 0 1 0 0 0 0 0 
460990000000008     1630504881897131 0 0 0 0 1 0 0 0 0 0 
460990000000044     1630504881983208 0 0 0 0 1 0 0 0 0 0 
460990000000001     1630504882077075 0 0 0 0 1 0 0 0 0 0 
460990000000013     1630504882150569 0 0 0 0 1 0 0 0 0 0 
460990000000025     1630504882238028 0 0 0 0 1 0 0 0 0 0 
460990000000029     1630504882297965 0 0 0 0 1 0 0 0 0 0 
460990000000040     1630504882393975 0 0 0 0 1 0 0 0 0 0 
460990000000002     1630504882456432 0 0 0 0 1 0 0 0 0 0 
460990000000011     1630504882544760 0 0 0 0 1 0 0 0 0 0 
460990000000091     1630504882672986 0 0 0 0 1 0 0 0 0 0 
460990000000026     1630504882766014 0 0 0 0 1 0 0 0 0 0 
460990000000061     1630504882881662 0 0 0 0 1 0 0 0 0 0 
460990000000005     1630504882976575 0 0 0 0 1 0 0 0 0 0 
460990000000046     1630504883091238 0 0 0 0 1 0 0 0 0 0 
460990000000021     1630504883207918 0 0 0 0 1 0 0 0 0 0 
460990000000031     1630504883322228 0 0 0 0 1 0 0 0 0 0 
460990000000006     1630504883411698 0 0 0 0 1 0 0 0 0 0 
460990000000067     1630504883504738 0 0 0 0 1 0 0 0 0 0 
460990000000096     1630504883608139 0 0 0 0 1 0 0 0 0 0 
460990000000066     1630504883691502 0 0 0 0 1 0 0 0 0 0 
460990000000050     1630504883756127 0 0 0 0 1 0 0 0 0 0 
460990000000033     1630504883840715 0 0 0 0 1 0 0 0 0 0 
460990000000072     1630504883927064 0 0 0 0 1 0 0 0 0 0 
460990000000043     1630504884009339 0 0 0 0 1 0 0 0 0 0 
460990000000028     1630504884107746 0 0 0 0 1 0 0 0 0 0 
460990000000010     1630504884198582 0 0 0 0 1 0 0 0 0 0 
460990000000037     1630504884294276 0 0 0 0 1 0 0 0 0 0 
460990000000038     1630504884398961 0 0 0 0 1 0 0 0 0 0 
460990000000041     1630504884480769 0 0 0 0 1 0 0 0 0 0 
460990000000073     1630504884590447 0 0 0 0 1 0 0 0 0 0 
460990000000012     1630504884664793 0 0 0 0 1 0 0 0 0 0 
460990000000055     1630504884739420 0 0 0 0 1 0 0 0 0 0 
460990000000045     1630504884819575 0 0 0 0 1 0 0 0 0 0 
460990000000058     1630504884882067 0 0 0 0 1 0 0 0 0 0 
460990000000075     1630504884934187 0 0 0 0 1 0 0 0 0 0 
460990000000023     1630504885003074 0 0 0 0 1 0 0 0 0 0 
460990000000065     1630504885097798 0 0 0 0 1 0 0 0 0 0 
460990000000056     1630504885184022 0 0 0 0 1 0 0 0 0 0 
460990000000054     1630504885288427 0 0 0 0 1 0 0 0 0 0 
460990000000049     1630504885399610 0 0 0 0 1 0 0 0 0 0 
460990000000047     1630504885514012 0 0 0 0 1 0 0 0 0 0 
460990000000078     1630504885581142 0 0 0 0 1 0 0 0 0 0 
460990000000077     1630504885662006 0 0 0 0 1 0 0 0 0 0 
460990000000060     1630504885731835 0 0 0 0 1 0 0 0 0 0 
460990000000042     1630504885840510 0 0 0 0 1 0 0 0 0 0 
460990000000098     1630504886064773 0 0 0 0 0 1 0 0 0 0 
460990000000100     1630504886151132 0 0 0 0 0 1 0 0 0 0 
460990000000099     1630504886241421 0 0 0 0 0 1 0 0 0 0 
460990000000097     1630504886335903 0 0 0 0 0 1 0 0 0 0 
460990000000093     1630504886421592 0 0 0 0 0 1 0 0 0 0 
460990000000090     1630504886569902 0 0 0 0 0 1 0 0 0 0 
460990000000088     1630504886675237 0 0 0 0 0 1 0 0 0 0 
460990000000089     1630504886779203 0 0 0 0 0 1 0 0 0 0 
460990000000087     1630504886858771 0 0 0 0 0 1 0 0 0 0 
460990000000094     1630504886963618 0 0 0 0 0 1 0 0 0 0 
460990000000084     1630504887083790 0 0 0 0 0 1 0 0 0 0 
460990000000085     1630504887214414 0 0 0 0 0 1 0 0 0 0 
460990000000082     1630504887302966 0 0 0 0 0 1 0 0 0 0 
460990000000092     1630504887391859 0 0 0 0 0 1 0 0 0 0 
460990000000083     1630504887476824 0 0 0 0 0 1 0 0 0 0 
460990000000027     1630504887560800 0 0 0 0 0 1 0 0 0 0 
460990000000086     1630504887671118 0 0 0 0 0 1 0 0 0 0 
460990000000035     1630504887768143 0 0 0 0 0 1 0 0 0 0 
460990000000079     1630504887856063 0 0 0 0 0 1 0 0 0 0 
460990000000017     1630504887975746 0 0 0 0 0 1 0 0 0 0 
460990000000014     1630504888030328 0 0 0 0 0 1 0 0 0 0 
460990000000081     1630504888142487 0 0 0 0 0 1 0 0 0 0 
460990000000034     1630504888271096 0 0 0 0 0 1 0 0 0 0 
460990000000032     1630504888371435 0 0 0 0 0 1 0 0 0 0 
460990000000080     1630504888455412 0 0 0 0 0 1 0 0 0 0 
460990000000024     1630504888551465 0 0 0 0 0 1 0 0 0 0 
460990000000057     1630504888659960 0 0 0 0 0 1 0 0 0 0 
460990000000016     1630504888831182 0 0 0 0 0 1 0 0 0 0 
460990000000020     1630504888883039 0 0 0 0 1 0 0 0 0 0 
460990000000003     1630504888965764 0 0 0 0 1 0 0 0 0 0 
460990000000063     1630504889042930 0 0 0 0 1 0 0 0 0 0 
460990000000018     1630504889084985 0 0 0 0 1 0 0 0 0 0 
460990000000039     1630504889142945 0 0 0 0 1 0 0 0 0 0 
460990000000053     1630504889212907 0 0 0 0 1 0 0 0 0 0 
460990000000095     1630504889327830 0 0 0 0 1 0 0 0 0 0 
460990000000064     1630504889380478 0 0 0 0 1 0 0 0 0 0 
460990000000068     1630504889481631 0 0 0 0 1 0 0 0 0 0 
460990000000070     1630504889537912 0 0 0 0 1 0 0 0 0 0 
460990000000048     1630504889601188 0 0 0 0 1 0 0 0 0 0 
460990000000051     1630504889663678 0 0 0 0 1 0 0 0 0 0 
460990000000062     1630504889752811 0 0 0 0 1 0 0 0 0 0 
460990000000052     1630504889827159 0 0 0 0 1 0 0 0 0 0 
460990000000071     1630504889894337 0 0 0 0 1 0 0 0 0 0 
460990000000074     1630504889985264 0 0 0 0 1 0 0 0 0 0 
460990000000015     1630504890049792 0 0 0 0 1 0 0 0 0 0 
460990000000069     1630504890137261 0 0 0 0 1 0 0 0 0 0 
460990000000007     1630504890233679 0 0 0 0 0 1 0 0 0 0 
460990000000004     1630504890349094 0 0 0 0 0 1 0 0 0 0 
460990000000036     1630504890430876 0 0 0 0 0 1 0 0 0 0 
460990000000009     1630504890515672 0 0 0 0 0 1 0 0 0 0 
460990000000019     1630504890632756 0 0 0 0 0 1 0 0 0 0 
460990000000030     1630504890792315 0 0 0 0 0 1 0 0 0 0 
460990000000059     1630504890983254 0 0 0 0 0 1 0 0 0 0 
460990000000076     1630504891161978 0 0 0 0 0 1 0 0 0 0 
460990000000022     1630504891342077 0 0 0 0 0 1 0 0 0 0 
460990000000008     1630504891534301 0 0 0 0 0 1 0 0 0 0 
460990000000044     1630504891736253 0 0 0 0 0 1 0 0 0 0 
460990000000001     1630504891913906 0 0 0 0 0 1 0 0 0 0 
460990000000013     1630504892102902 0 0 0 0 0 1 0 0 0 0 
460990000000025     1630504892286778 0 0 0 0 0 1 0 0 0 0 
460990000000029     1630504892470447 0 0 0 0 0 1 0 0 0 0 
460990000000040     1630504892648393 0 0 0 0 0 1 0 0 0 0 
460990000000002     1630504892828720 0 0 0 0 0 1 0 0 0 0 
460990000000011     1630504893008316 0 0 0 0 0 1 0 0 0 0 
460990000000091     1630504893206767 0 0 0 0 0 1 0 0 0 0 
460990000000026     1630504893385883 0 0 0 0 0 1 0 0 0 0 
460990000000061     1630504893564988 0 0 0 0 0 1 0 0 0 0 
460990000000005     1630504893744226 0 0 0 0 0 1 0 0 0 0 
460990000000046     1630504893942056 0 0 0 0 0 1 0 0 0 0 
460990000000021     1630504894123277 0 0 0 0 0 1 0 0 0 0 
460990000000031     1630504894300656 0 0 0 0 0 1 0 0 0 0 
460990000000006     1630504894482989 0 0 0 0 0 1 0 0 0 0 
460990000000067     1630504894676441 0 0 0 0 0 1 0 0 0 0 
460990000000096     1630504894851772 0 0 0 0 0 1 0 0 0 0 
460990000000066     1630504895031142 0 0 0 0 0 1 0 0 0 0 
460990000000050     1630504895206883 0 0 0 0 0 1 0 0 0 0 
460990000000033     1630504895403379 0 0 0 0 0 1 0 0 0 0 
460990000000072     1630504895583600 0 0 0 0 0 1 0 0 0 0 
460990000000043     1630504895748427 0 0 0 0 0 1 0 0 0 0 
460990000000028     1630504895946857 0 0 0 0 0 1 0 0 0 0 
460990000000010     1630504896166582 0 0 0 0 0 1 0 0 0 0 
460990000000037     1630504896350077 0 0 0 0 0 1 0 0 0 0 
460990000000038     1630504896527817 0 0 0 0 0 1 0 0 0 0 
460990000000041     1630504896709357 0 0 0 0 0 1 0 0 0 0 
460990000000073     1630504896908117 0 0 0 0 0 1 0 0 0 0 
460990000000012     1630504897088158 0 0 0 0 0 1 0 0 0 0 
460990000000055     1630504897266452 0 0 0 0 0 1 0 0 0 0 
460990000000045     1630504897442377 0 0 0 0 0 1 0 0 0 0 
460990000000058     1630504897638608 0 0 0 0 0 1 0 0 0 0 
460990000000075     1630504897820629 0 0 0 0 0 1 0 0 0 0 
460990000000023     1630504898001278 0 0 0 0 0 1 0 0 0 0 
460990000000065     1630504898181977 0 0 0 0 0 1 0 0 0 0 
460990000000056     1630504898375721 0 0 0 0 0 1 0 0 0 0 
460990000000054     1630504898574383 0 0 0 0 0 1 0 0 0 0 
460990000000049     1630504898755054 0 0 0 0 0 1 0 0 0 0 
460990000000047     1630504898932673 0 0 0 0 0 1 0 0 0 0 
460990000000078     1630504899126438 0 0 0 0 0 1 0 0 0 0 
460990000000077     1630504899303985 0 0 0 0 0 1 0 0 0 0 
460990000000060     1630504899480177 0 0 0 0 0 1 0 0 0 0 
460990000000042     1630504899659147 0 0 0 0 0 1 0 0 0 0 
460990000000098     1630504899863010 0 0 0 0 0 0 1 0 0 0 
460990000000098     1630504899863195 0 0 0 0 0 0 0 1 0 0 
460990000000100     1630504900029493 0 0 0 0 0 0 1 0 0 0 
460990000000100     1630504900029741 0 0 0 0 0 0 0 1 0 0 
460990000000099     1630504900225273 0 0 0 0 0 0 1 0 0 0 
460990000000099     1630504900225465 0 0 0 0 0 0 0 1 0 0 
460990000000097     1630504900419302 0 0 0 0 0 0 1 0 0 0 
460990000000097     1630504900419523 0 0 0 0 0 0 0 1 0 0 
460990000000093     1630504900613611 0 0 0 0 0 0 1 0 0 0 
460990000000093     1630504900613811 0 0 0 0 0 0 0 1 0 0 
460990000000090     1630504900813407 0 0 0 0 0 0 1 0 0 0 
460990000000090     1630504900813601 0 0 0 0 0 0 0 1 0 0 
460990000000088     1630504901014351 0 0 0 0 0 0 1 0 0 0 
460990000000088     1630504901014603 0 0 0 0 0 0 0 1 0 0 
460990000000089     1630504901240045 0 0 0 0 0 0 1 0 0 0 
460990000000089     1630504901240272 0 0 0 0 0 0 0 1 0 0 
460990000000087     1630504901420713 0 0 0 0 0 0 1 0 0 0 
460990000000087     1630504901420900 0 0 0 0 0 0 0 1 0 0 
460990000000094     1630504901613777 0 0 0 0 0 0 1 0 0 0 
460990000000094     1630504901614063 0 0 0 0 0 0 0 1 0 0 
460990000000084     1630504901823601 0 0 0 0 0 0 1 0 0 0 
460990000000084     1630504901823873 0 0 0 0 0 0 0 1 0 0 
460990000000085     1630504902016739 0 0 0 0 0 0 1 0 0 0 
460990000000085     1630504902017020 0 0 0 0 0 0 0 1 0 0 
460990000000082     1630504902211265 0 0 0 0 0 0 1 0 0 0 
460990000000082     1630504902211457 0 0 0 0 0 0 0 1 0 0 
460990000000092     1630504902407058 0 0 0 0 0 0 1 0 0 0 
460990000000092     1630504902407252 0 0 0 0 0 0 0 1 0 0 
460990000000083     1630504902599832 0 0 0 0 0 0 1 0 0 0 
460990000000083     1630504902600035 0 0 0 0 0 0 0 1 0 0 
460990000000027     1630504902793868 0 0 0 0 0 0 1 0 0 0 
460990000000027     1630504902794058 0 0 0 0 0 0 0 1 0 0 
460990000000086     1630504902990560 0 0 0 0 0 0 1 0 0 0 
460990000000086     1630504902990756 0 0 0 0 0 0 0 1 0 0 
460990000000035     1630504903190836 0 0 0 0 0 0 1 0 0 0 
460990000000035     1630504903191046 0 0 0 0 0 0 0 1 0 0 
460990000000079     1630504903387866 0 0 0 0 0 0 1 0 0 0 
460990000000079     1630504903388100 0 0 0 0 0 0 0 1 0 0 
460990000000017     1630504903581994 0 0 0 0 0 0 1 0 0 0 
460990000000017     1630504903582249 0 0 0 0 0 0 0 1 0 0 
460990000000014     1630504903807625 0 0 0 0 0 0 1 0 0 0 
460990000000014     1630504903807840 0 0 0 0 0 0 0 1 0 0 
460990000000081     1630504903987508 0 0 0 0 0 0 1 0 0 0 
460990000000081     1630504903987766 0 0 0 0 0 0 0 1 0 0 
460990000000034     1630504904178392 0 0 0 0 0 0 1 0 0 0 
460990000000034     1630504904178595 0 0 0 0 0 0 0 1 0 0 
460990000000032     1630504904403835 0 0 0 0 0 0 1 0 0 0 
460990000000032     1630504904404046 0 0 0 0 0 0 0 1 0 0 
460990000000080     1630504904583554 0 0 0 0 0 0 1 0 0 0 
460990000000080     1630504904583759 0 0 0 0 0 0 0 1 0 0 
460990000000024     1630504904776582 0 0 0 0 0 0 1 0 0 0 
460990000000024     1630504904776786 0 0 0 0 0 0 0 1 0 0 
460990000000057     1630504905004712 0 0 0 0 0 0 1 0 0 0 
460990000000057     1630504905004905 0 0 0 0 0 0 0 1 0 0 
460990000000016     1630504905185749 0 0 0 0 0 0 1 0 0 0 
460990000000016     1630504905185939 0 0 0 0 0 0 0 1 0 0 
460990000000020     1630504905369154 0 0 0 0 0 1 0 0 0 0 
460990000000003     1630504905567294 0 0 0 0 0 1 0 0 0 0 
460990000000063     1630504905758821 0 0 0 0 0 1 0 0 0 0 
460990000000018     1630504905952178 0 0 0 0 0 1 0 0 0 0 
460990000000039     1630504906147828 0 0 0 0 0 1 0 0 0 0 
460990000000053     1630504906376846 0 0 0 0 0 1 0 0 0 0 
460990000000095     1630504906549637 0 0 0 0 0 1 0 0 0 0 
460990000000064     1630504906737998 0 0 0 0 0 1 0 0 0 0 
460990000000068     1630504906930588 0 0 0 0 0 1 0 0 0 0 
460990000000070     1630504907140609 0 0 0 0 0 1 0 0 0 0 
460990000000048     1630504907328307 0 0 0 0 0 1 0 0 0 0 
460990000000051     1630504907529355 0 0 0 0 0 1 0 0 0 0 
460990000000062     1630504907736476 0 0 0 0 0 1 0 0 0 0 
460990000000052     1630504907957596 0 0 0 0 0 1 0 0 0 0 
460990000000071     1630504908140405 0 0 0 0 0 1 0 0 0 0 
460990000000074     1630504908333595 0 0 0 0 0 1 0 0 0 0 
460990000000015     1630504908530996 0 0 0 0 0 1 0 0 0 0 
460990000000069     1630504908722846 0 0 0 0 0 1 0 0 0 0 
460990000000007     1630504908931037 0 0 0 0 0 0 1 0 0 0 
460990000000007     1630504908931232 0 0 0 0 0 0 0 1 0 0 
460990000000004     1630504909123768 0 0 0 0 0 0 1 0 0 0 
460990000000004     1630504909123967 0 0 0 0 0 0 0 1 0 0 
460990000000036     1630504909322701 0 0 0 0 0 0 1 0 0 0 
460990000000036     1630504909322891 0 0 0 0 0 0 0 1 0 0 
460990000000009     1630504909551038 0 0 0 0 0 0 1 0 0 0 
460990000000009     1630504909551245 0 0 0 0 0 0 0 1 0 0 
460990000000019     1630504909734949 0 0 0 0 0 0 1 0 0 0 
460990000000019     1630504909735139 0 0 0 0 0 0 0 1 0 0 
460990000000030     1630504909929357 0 0 0 0 0 0 1 0 0 0 
460990000000030     1630504909929555 0 0 0 0 0 0 0 1 0 0 
460990000000059     1630504910167698 0 0 0 0 0 0 1 0 0 0 
460990000000059     1630504910167882 0 0 0 0 0 0 0 1 0 0 
460990000000076     1630504910344682 0 0 0 0 0 0 1 0 0 0 
460990000000076     1630504910344884 0 0 0 0 0 0 0 1 0 0 
460990000000022     1630504910539439 0 0 0 0 0 0 1 0 0 0 
460990000000022     1630504910539657 0 0 0 0 0 0 0 1 0 0 
460990000000008     1630504910732167 0 0 0 0 0 0 1 0 0 0 
460990000000008     1630504910732525 0 0 0 0 0 0 0 1 0 0 
460990000000044     1630504910987250 0 0 0 0 0 0 1 0 0 0 
460990000000044     1630504910987456 0 0 0 0 0 0 0 1 0 0 
460990000000001     1630504911159709 0 0 0 0 0 0 1 0 0 0 
460990000000001     1630504911160000 0 0 0 0 0 0 0 1 0 0 
460990000000013     1630504911358803 0 0 0 0 0 0 1 0 0 0 
460990000000013     1630504911359128 0 0 0 0 0 0 0 1 0 0 
460990000000025     1630504911589646 0 0 0 0 0 0 1 0 0 0 
460990000000025     1630504911589848 0 0 0 0 0 0 0 1 0 0 
460990000000029     1630504911773717 0 0 0 0 0 0 1 0 0 0 
460990000000029     1630504911773910 0 0 0 0 0 0 0 1 0 0 
460990000000040     1630504911969540 0 0 0 0 0 0 1 0 0 0 
460990000000040     1630504911969728 0 0 0 0 0 0 0 1 0 0 
460990000000002     1630504912169695 0 0 0 0 0 0 1 0 0 0 
460990000000002     1630504912169887 0 0 0 0 0 0 0 1 0 0 
460990000000011     1630504912367515 0 0 0 0 0 0 1 0 0 0 
460990000000011     1630504912367696 0 0 0 0 0 0 0 1 0 0 
460990000000091     1630504912565572 0 0 0 0 0 0 1 0 0 0 
460990000000091     1630504912565973 0 0 0 0 0 0 0 1 0 0 
460990000000026     1630504912795787 0 0 0 0 0 0 1 0 0 0 
460990000000026     1630504912795977 0 0 0 0 0 0 0 1 0 0 
460990000000061     1630504912978723 0 0 0 0 0 0 1 0 0 0 
460990000000061     1630504912978925 0 0 0 0 0 0 0 1 0 0 
460990000000005     1630504913172890 0 0 0 0 0 0 1 0 0 0 
460990000000005     1630504913173108 0 0 0 0 0 0 0 1 0 0 
460990000000046     1630504913380438 0 0 0 0 0 0 1 0 0 0 
460990000000046     1630504913380748 0 0 0 0 0 0 0 1 0 0 
460990000000021     1630504913608035 0 0 0 0 0 0 1 0 0 0 
460990000000021     1630504913608233 0 0 0 0 0 0 0 1 0 0 
460990000000031     1630504913786564 0 0 0 0 0 0 1 0 0 0 
460990000000031     1630504913786787 0 0 0 0 0 0 0 1 0 0 
460990000000006     1630504913981648 0 0 0 0 0 0 1 0 0 0 
460990000000006     1630504913981894 0 0 0 0 0 0 0 1 0 0 
460990000000067     1630504914176791 0 0 0 0 0 0 1 0 0 0 
460990000000067     1630504914177078 0 0 0 0 0 0 0 1 0 0 
460990000000096     1630504914372233 0 0 0 0 0 0 1 0 0 0 
460990000000096     1630504914372448 0 0 0 0 0 0 0 1 0 0 
460990000000066     1630504914569408 0 0 0 0 0 0 1 0 0 0 
460990000000066     1630504914569684 0 0 0 0 0 0 0 1 0 0 
460990000000050     1630504914796027 0 0 0 0 0 0 1 0 0 0 
460990000000050     1630504914796302 0 0 0 0 0 0 0 1 0 0 
460990000000033     1630504914976654 0 0 0 0 0 0 1 0 0 0 
460990000000033     1630504914976859 0 0 0 0 0 0 0 1 0 0 
460990000000072     1630504915174028 0 0 0 0 0 0 1 0 0 0 
460990000000072     1630504915174231 0 0 0 0 0 0 0 1 0 0 
460990000000043     1630504915370869 0 0 0 0 0 0 1 0 0 0 
460990000000043     1630504915371072 0 0 0 0 0 0 0 1 0 0 
460990000000028     1630504915567275 0 0 0 0 0 0 1 0 0 0 
460990000000028     1630504915567477 0 0 0 0 0 0 0 1 0 0 
460990000000010     1630504915763272 0 0 0 0 0 0 1 0 0 0 
460990000000010     1630504915763478 0 0 0 0 0 0 0 1 0 0 
460990000000037     1630504915995759 0 0 0 0 0 0 1 0 0 0 
460990000000037     1630504915995966 0 0 0 0 0 0 0 1 0 0 
460990000000038     1630504916175020 0 0 0 0 0 0 1 0 0 0 
460990000000038     1630504916175264 0 0 0 0 0 0 0 1 0 0 
460990000000041     1630504916369423 0 0 0 0 0 0 1 0 0 0 
460990000000041     1630504916369638 0 0 0 0 0 0 0 1 0 0 
460990000000073     1630504916565747 0 0 0 0 0 0 1 0 0 0 
460990000000073     1630504916565936 0 0 0 0 0 0 0 1 0 0 
460990000000012     1630504916759134 0 0 0 0 0 0 1 0 0 0 
460990000000012     1630504916759364 0 0 0 0 0 0 0 1 0 0 
460990000000055     1630504916958088 0 0 0 0 0 0 1 0 0 0 
460990000000055     1630504916958332 0 0 0 0 0 0 0 1 0 0 
460990000000045     1630504917157747 0 0 0 0 0 0 1 0 0 0 
460990000000045     1630504917158028 0 0 0 0 0 0 0 1 0 0 
460990000000058     1630504917411783 0 0 0 0 0 0 1 0 0 0 
460990000000058     1630504917412028 0 0 0 0 0 0 0 1 0 0 
460990000000075     1630504917580779 0 0 0 0 0 0 1 0 0 0 
460990000000075     1630504917581092 0 0 0 0 0 0 0 1 0 0 
460990000000023     1630504917784433 0 0 0 0 0 0 1 0 0 0 
460990000000023     1630504917784654 0 0 0 0 0 0 0 1 0 0 
460990000000065     1630504918019270 0 0 0 0 0 0 1 0 0 0 
460990000000065     1630504918019485 0 0 0 0 0 0 0 1 0 0 
460990000000056     1630504918198686 0 0 0 0 0 0 1 0 0 0 
460990000000056     1630504918198896 0 0 0 0 0 0 0 1 0 0 
460990000000054     1630504918398646 0 0 0 0 0 0 1 0 0 0 
460990000000054     1630504918398925 0 0 0 0 0 0 0 1 0 0 
460990000000049     1630504918656138 0 0 0 0 0 0 1 0 0 0 
460990000000049     1630504918656340 0 0 0 0 0 0 0 1 0 0 
460990000000047     1630504918829043 0 0 0 0 0 0 1 0 0 0 
460990000000047     1630504918829254 0 0 0 0 0 0 0 1 0 0 
460990000000078     1630504919026567 0 0 0 0 0 0 1 0 0 0 
460990000000078     1630504919026745 0 0 0 0 0 0 0 1 0 0 
460990000000077     1630504919329377 0 0 0 0 0 0 1 0 0 0 
460990000000077     1630504919329703 0 0 0 0 0 0 0 1 0 0 
460990000000060     1630504919535431 0 0 0 0 0 0 1 0 0 0 
460990000000060     1630504919535713 0 0 0 0 0 0 0 1 0 0 
460990000000042     1630504919738929 0 0 0 0 0 0 1 0 0 0 
460990000000042     1630504919739285 0 0 0 0 0 0 0 1 0 0 
460990000000098     1630504919942066 0 0 0 0 0 0 0 0 1 0 
460990000000100     1630504920319218 0 0 0 0 0 0 0 0 1 0 
460990000000099     1630504920678302 0 0 0 0 0 0 0 0 1 0 
460990000000097     1630504921041715 0 0 0 0 0 0 0 0 1 0 
460990000000093     1630504921377913 0 0 0 0 0 0 0 0 1 0 
460990000000090     1630504921761776 0 0 0 0 0 0 0 0 1 0 
460990000000088     1630504922105881 0 0 0 0 0 0 0 0 1 0 
460990000000089     1630504922476178 0 0 0 0 0 0 0 0 1 0 
460990000000087     1630504922826374 0 0 0 0 0 0 0 0 1 0 
460990000000094     1630504923182959 0 0 0 0 0 0 0 0 1 0 
460990000000084     1630504923546790 0 0 0 0 0 0 0 0 1 0 
460990000000085     1630504923905606 0 0 0 0 0 0 0 0 1 0 
460990000000082     1630504924282017 0 0 0 0 0 0 0 0 1 0 
460990000000092     1630504924600521 0 0 0 0 0 0 0 0 1 0 
460990000000083     1630504924942578 0 0 0 0 0 0 0 0 1 0 
460990000000027     1630504925289139 0 0 0 0 0 0 0 0 1 0 
460990000000086     1630504925651748 0 0 0 0 0 0 0 0 1 0 
460990000000035     1630504925994822 0 0 0 0 0 0 0 0 1 0 
460990000000079     1630504926364838 0 0 0 0 0 0 0 0 1 0 
460990000000017     1630504926681776 0 0 0 0 0 0 0 0 1 0 
460990000000014     1630504927023457 0 0 0 0 0 0 0 0 1 0 
460990000000081     1630504927396457 0 0 0 0 0 0 0 0 1 0 
460990000000034     1630504927743231 0 0 0 0 0 0 0 0 1 0 
460990000000032     1630504928116136 0 0 0 0 0 0 0 0 1 0 
460990000000080     1630504928469830 0 0 0 0 0 0 0 0 1 0 
460990000000024     1630504928852796 0 0 0 0 0 0 0 0 1 0 
460990000000057     1630504929200179 0 0 0 0 0 0 0 0 1 0 
460990000000016     1630504929538278 0 0 0 0 0 0 0 0 1 0 
460990000000020     1630504929950455 0 0 0 0 0 0 1 0 0 0 
460990000000020     1630504929950654 0 0 0 0 0 0 0 1 0 0 
460990000000003     1630504930159918 0 0 0 0 0 0 1 0 0 0 
460990000000003     1630504930160120 0 0 0 0 0 0 0 1 0 0 
460990000000063     1630504930375770 0 0 0 0 0 0 1 0 0 0 
460990000000063     1630504930375963 0 0 0 0 0 0 0 1 0 0 
460990000000018     1630504930605187 0 0 0 0 0 0 1 0 0 0 
460990000000018     1630504930605429 0 0 0 0 0 0 0 1 0 0 
460990000000039     1630504930814235 0 0 0 0 0 0 1 0 0 0 
460990000000039     1630504930814556 0 0 0 0 0 0 0 1 0 0 
460990000000053     1630504931023073 0 0 0 0 0 0 1 0 0 0 
460990000000053     1630504931023257 0 0 0 0 0 0 0 1 0 0 
460990000000095     1630504931228477 0 0 0 0 0 0 1 0 0 0 
460990000000095     1630504931228725 0 0 0 0 0 0 0 1 0 0 
460990000000064     1630504931446502 0 0 0 0 0 0 1 0 0 0 
460990000000064     1630504931446708 0 0 0 0 0 0 0 1 0 0 
460990000000068     1630504931662295 0 0 0 0 0 0 1 0 0 0 
460990000000068     1630504931662518 0 0 0 0 0 0 0 1 0 0 
460990000000070     1630504931868237 0 0 0 0 0 0 1 0 0 0 
460990000000070     1630504931868526 0 0 0 0 0 0 0 1 0 0 
460990000000048     1630504932083952 0 0 0 0 0 0 1 0 0 0 
460990000000048     1630504932084391 0 0 0 0 0 0 0 1 0 0 
460990000000051     1630504932283459 0 0 0 0 0 0 1 0 0 0 
460990000000051     1630504932283652 0 0 0 0 0 0 0 1 0 0 
460990000000062     1630504932509314 0 0 0 0 0 0 1 0 0 0 
460990000000062     1630504932509526 0 0 0 0 0 0 0 1 0 0 
460990000000052     1630504932716713 0 0 0 0 0 0 1 0 0 0 
460990000000052     1630504932716929 0 0 0 0 0 0 0 1 0 0 
460990000000071     1630504932919411 0 0 0 0 0 0 1 0 0 0 
460990000000071     1630504932919599 0 0 0 0 0 0 0 1 0 0 
460990000000074     1630504933128550 0 0 0 0 0 0 1 0 0 0 
460990000000074     1630504933128742 0 0 0 0 0 0 0 1 0 0 
460990000000015     1630504933358327 0 0 0 0 0 0 1 0 0 0 
460990000000015     1630504933358587 0 0 0 0 0 0 0 1 0 0 
460990000000069     1630504933549517 0 0 0 0 0 0 1 0 0 0 
460990000000069     1630504933549721 0 0 0 0 0 0 0 1 0 0 
460990000000007     1630504933740683 0 0 0 0 0 0 0 0 1 0 
460990000000004     1630504934089308 0 0 0 0 0 0 0 0 1 0 
460990000000036     1630504934466929 0 0 0 0 0 0 0 0 1 0 
460990000000009     1630504934863379 0 0 0 0 0 0 0 0 1 0 
460990000000019     1630504935200186 0 0 0 0 0 0 0 0 1 0 
460990000000030     1630504935577376 0 0 0 0 0 0 0 0 1 0 
460990000000059     1630504935962961 0 0 0 0 0 0 0 0 1 0 
460990000000076     1630504936326777 0 0 0 0 0 0 0 0 1 0 
460990000000022     1630504936665806 0 0 0 0 0 0 0 0 1 0 
460990000000008     1630504937073693 0 0 0 0 0 0 0 0 1 0 
460990000000044     1630504937487977 0 0 0 0 0 0 0 0 1 0 
460990000000001     1630504937867792 0 0 0 0 0 0 0 0 1 0 
460990000000013     1630504938246559 0 0 0 0 0 0 0 0 1 0 
460990000000025     1630504938579405 0 0 0 0 0 0 0 0 1 0 
460990000000029     1630504938928348 0 0 0 0 0 0 0 0 1 0 
460990000000040     1630504939318008 0 0 0 0 0 0 0 0 1 0 
460990000000002     1630504939661327 0 0 0 0 0 0 0 0 1 0 
460990000000011     1630504940037091 0 0 0 0 0 0 0 0 1 0 
460990000000091     1630504940411577 0 0 0 0 0 0 0 0 1 0 
460990000000026     1630504940782429 0 0 0 0 0 0 0 0 1 0 
460990000000061     1630504941142401 0 0 0 0 0 0 0 0 1 0 
460990000000005     1630504941521218 0 0 0 0 0 0 0 0 1 0 
460990000000046     1630504941910539 0 0 0 0 0 0 0 0 1 0 
460990000000021     1630504942316358 0 0 0 0 0 0 0 0 1 0 
460990000000031     1630504942633447 0 0 0 0 0 0 0 0 1 0 
460990000000006     1630504943010611 0 0 0 0 0 0 0 0 1 0 
460990000000067     1630504943362334 0 0 0 0 0 0 0 0 1 0 
460990000000096     1630504943733593 0 0 0 0 0 0 0 0 1 0 
460990000000066     1630504944114948 0 0 0 0 0 0 0 0 1 0 
460990000000050     1630504944481590 0 0 0 0 0 0 0 0 1 0 
460990000000033     1630504944863037 0 0 0 0 0 0 0 0 1 0 
460990000000072     1630504945226816 0 0 0 0 0 0 0 0 1 0 
460990000000043     1630504945620373 0 0 0 0 0 0 0 0 1 0 
460990000000028     1630504945978482 0 0 0 0 0 0 0 0 1 0 
460990000000010     1630504946354653 0 0 0 0 0 0 0 0 1 0 
460990000000037     1630504946746330 0 0 0 0 0 0 0 0 1 0 
460990000000038     1630504947104228 0 0 0 0 0 0 0 0 1 0 
460990000000041     1630504947472968 0 0 0 0 0 0 0 0 1 0 
460990000000073     1630504947840777 0 0 0 0 0 0 0 0 1 0 
460990000000012     1630504948211714 0 0 0 0 0 0 0 0 1 0 
460990000000055     1630504948596786 0 0 0 0 0 0 0 0 1 0 
460990000000045     1630504948942354 0 0 0 0 0 0 0 0 1 0 
460990000000058     1630504949302533 0 0 0 0 0 0 0 0 1 0 
460990000000075     1630504949691564 0 0 0 0 0 0 0 0 1 0 
460990000000023     1630504950052085 0 0 0 0 0 0 0 0 1 0 
460990000000065     1630504950419830 0 0 0 0 0 0 0 0 1 0 
460990000000056     1630504950813932 0 0 0 0 0 0 0 0 1 0 
460990000000054     1630504951179180 0 0 0 0 0 0 0 0 1 0 
460990000000049     1630504951563137 0 0 0 0 0 0 0 0 1 0 
460990000000047     1630504951935614 0 0 0 0 0 0 0 0 1 0 
460990000000078     1630504952300861 0 0 0 0 0 0 0 0 1 0 
460990000000077     1630504952663165 0 0 0 0 0 0 0 0 1 0 
460990000000060     1630504953064673 0 0 0 0 0 0 0 0 1 0 
460990000000042     1630504953437769 0 0 0 0 0 0 0 0 1 0 
460990000000098     1630504953892055 0 0 0 0 0 0 0 0 0 1 
460990000000100     1630504954054487 0 0 0 0 0 0 0 0 0 1 
460990000000099     1630504954209526 0 0 0 0 0 0 0 0 0 1 
460990000000090     1630504954364628 0 0 0 0 0 0 0 0 0 1 
460990000000097     1630504954547072 0 0 0 0 0 0 0 0 0 1 
460990000000089     1630504954688820 0 0 0 0 0 0 0 0 0 1 
460990000000093     1630504954852382 0 0 0 0 0 0 0 0 0 1 
460990000000087     1630504955039549 0 0 0 0 0 0 0 0 0 1 
460990000000088     1630504955231197 0 0 0 0 0 0 0 0 0 1 
460990000000084     1630504955367859 0 0 0 0 0 0 0 0 0 1 
460990000000094     1630504955529711 0 0 0 0 0 0 0 0 0 1 
460990000000085     1630504955697966 0 0 0 0 0 0 0 0 0 1 
460990000000082     1630504955862977 0 0 0 0 0 0 0 0 0 1 
460990000000083     1630504956027198 0 0 0 0 0 0 0 0 0 1 
460990000000092     1630504956194960 0 0 0 0 0 0 0 0 0 1 
460990000000086     1630504956358307 0 0 0 0 0 0 0 0 0 1 
460990000000027     1630504956521444 0 0 0 0 0 0 0 0 0 1 
460990000000035     1630504956711351 0 0 0 0 0 0 0 0 0 1 
460990000000079     1630504956881693 0 0 0 0 0 0 0 0 0 1 
460990000000014     1630504957060308 0 0 0 0 0 0 0 0 0 1 
460990000000017     1630504957247977 0 0 0 0 0 0 0 0 0 1 
460990000000034     1630504957379040 0 0 0 0 0 0 0 0 0 1 
460990000000081     1630504957533797 0 0 0 0 0 0 0 0 0 1 
460990000000032     1630504957689289 0 0 0 0 0 0 0 0 0 1 
460990000000080     1630504957842775 0 0 0 0 0 0 0 0 0 1 
460990000000057     1630504958038306 0 0 0 0 0 0 0 0 0 1 
460990000000024     1630504958393086 0 0 0 0 0 0 0 0 0 1 
460990000000007     1630504958556273 0 0 0 0 0 0 0 0 0 1 
460990000000003     1630504958747179 0 0 0 0 0 0 0 0 1 0 
460990000000016     1630504958953006 0 0 0 0 0 0 0 0 0 1 
460990000000020     1630504959108472 0 0 0 0 0 0 0 0 1 0 
460990000000036     1630504959313046 0 0 0 0 0 0 0 0 0 1 
460990000000004     1630504959644199 0 0 0 0 0 0 0 0 0 1 
460990000000009     1630504959806715 0 0 0 0 0 0 0 0 0 1 
460990000000059     1630504959971264 0 0 0 0 0 0 0 0 0 1 
460990000000019     1630504960137679 0 0 0 0 0 0 0 0 0 1 
460990000000076     1630504960328203 0 0 0 0 0 0 0 0 0 1 
460990000000030     1630504960507404 0 0 0 0 0 0 0 0 0 1 
460990000000044     1630504960661845 0 0 0 0 0 0 0 0 0 1 
460990000000022     1630504961010458 0 0 0 0 0 0 0 0 0 1 
460990000000063     1630504961165139 0 0 0 0 0 0 0 0 1 0 
460990000000013     1630504961372576 0 0 0 0 0 0 0 0 0 1 
460990000000008     1630504961503726 0 0 0 0 0 0 0 0 0 1 
460990000000025     1630504961684733 0 0 0 0 0 0 0 0 0 1 
460990000000018     1630504961837106 0 0 0 0 0 0 0 0 1 0 
460990000000001     1630504962040428 0 0 0 0 0 0 0 0 0 1 
460990000000011     1630504962183650 0 0 0 0 0 0 0 0 0 1 
460990000000029     1630504962372985 0 0 0 0 0 0 0 0 0 1 
460990000000091     1630504962555649 0 0 0 0 0 0 0 0 0 1 
460990000000040     1630504962690759 0 0 0 0 0 0 0 0 0 1 
460990000000026     1630504962851953 0 0 0 0 0 0 0 0 0 1 
460990000000002     1630504963010764 0 0 0 0 0 0 0 0 0 1 
460990000000061     1630504963360454 0 0 0 0 0 0 0 0 0 1 
460990000000005     1630504963525592 0 0 0 0 0 0 0 0 0 1 
460990000000046     1630504963687026 0 0 0 0 0 0 0 0 0 1 
460990000000021     1630504963868253 0 0 0 0 0 0 0 0 0 1 
460990000000039     1630504964033154 0 0 0 0 0 0 0 0 1 0 
460990000000031     1630504964262226 0 0 0 0 0 0 0 0 0 1 
460990000000006     1630504964471473 0 0 0 0 0 0 0 0 0 1 
460990000000067     1630504964587521 0 0 0 0 0 0 0 0 0 1 
460990000000072     1630504964734807 0 0 0 0 0 0 0 0 0 1 
460990000000096     1630504964881122 0 0 0 0 0 0 0 0 0 1 
460990000000043     1630504965244152 0 0 0 0 0 0 0 0 0 1 
460990000000066     1630504965407007 0 0 0 0 0 0 0 0 0 1 
460990000000028     1630504965596370 0 0 0 0 0 0 0 0 0 1 
460990000000050     1630504965754529 0 0 0 0 0 0 0 0 0 1 
460990000000037     1630504965887543 0 0 0 0 0 0 0 0 0 1 
460990000000033     1630504966216651 0 0 0 0 0 0 0 0 0 1 
460990000000053     1630504966374514 0 0 0 0 0 0 0 0 1 0 
460990000000038     1630504966587276 0 0 0 0 0 0 0 0 0 1 
460990000000010     1630504966752032 0 0 0 0 0 0 0 0 0 1 
460990000000073     1630504966914750 0 0 0 0 0 0 0 0 0 1 
460990000000041     1630504967077513 0 0 0 0 0 0 0 0 0 1 
460990000000012     1630504967327786 0 0 0 0 0 0 0 0 0 1 
460990000000095     1630504967540170 0 0 0 0 0 0 0 0 1 0 
460990000000055     1630504967779324 0 0 0 0 0 0 0 0 0 1 
460990000000058     1630504968013643 0 0 0 0 0 0 0 0 0 1 
460990000000045     1630504968341572 0 0 0 0 0 0 0 0 0 1 
460990000000075     1630504968777774 0 0 0 0 0 0 0 0 0 1 
460990000000065     1630504969007960 0 0 0 0 0 0 0 0 0 1 
460990000000023     1630504969261159 0 0 0 0 0 0 0 0 0 1 
460990000000054     1630504969506104 0 0 0 0 0 0 0 0 0 1 
460990000000056     1630504969746286 0 0 0 0 0 0 0 0 0 1 
460990000000049     1630504970026390 0 0 0 0 0 0 0 0 0 1 
460990000000064     1630504970291105 0 0 0 0 0 0 0 0 1 0 
460990000000047     1630504970514290 0 0 0 0 0 0 0 0 0 1 
460990000000077     1630504970751479 0 0 0 0 0 0 0 0 0 1 
460990000000078     1630504970949007 0 0 0 0 0 0 0 0 0 1 
460990000000060     1630504971328175 0 0 0 0 0 0 0 0 0 1 
460990000000042     1630504971517760 0 0 0 0 0 0 0 0 0 1 
460990000000068     1630504971654099 0 0 0 0 0 0 0 0 1 0 
460990000000070     1630504972021865 0 0 0 0 0 0 0 0 1 0 
460990000000048     1630504972225883 0 0 0 0 0 0 0 0 1 0 
460990000000020     1630504972469894 0 0 0 0 0 0 0 0 0 1 
460990000000003     1630504973034656 0 0 0 0 0 0 0 0 0 1 
460990000000039     1630504973276796 0 0 0 0 0 0 0 0 0 1 
460990000000063     1630504973536096 0 0 0 0 0 0 0 0 0 1 
460990000000053     1630504973913643 0 0 0 0 0 0 0 0 0 1 
460990000000062     1630504974082213 0 0 0 0 0 0 0 0 1 0 
460990000000052     1630504974457869 0 0 0 0 0 0 0 0 1 0 
460990000000071     1630504974869880 0 0 0 0 0 0 0 0 1 0 
460990000000074     1630504975255579 0 0 0 0 0 0 0 0 1 0 
460990000000015     1630504975615744 0 0 0 0 0 0 0 0 1 0 
460990000000018     1630504976002061 0 0 0 0 0 0 0 0 0 1 
460990000000069     1630504976179012 0 0 0 0 0 0 0 0 1 0 
460990000000051     1630504976581568 0 0 0 0 0 0 0 0 1 0 
460990000000095     1630504976784632 0 0 0 0 0 0 0 0 0 1 
460990000000064     1630504991951988 0 0 0 0 0 0 0 0 0 1 
460990000000068     1630504992557704 0 0 0 0 0 0 0 0 0 1 
460990000000070     1630504993033929 0 0 0 0 0 0 0 0 0 1 
460990000000051     1630504993602431 0 0 0 0 0 0 0 0 0 1 
460990000000062     1630504994199358 0 0 0 0 0 0 0 0 0 1 
460990000000048     1630504994689539 0 0 0 0 0 0 0 0 0 1 
460990000000052     1630504995255224 0 0 0 0 0 0 0 0 0 1 
460990000000074     1630504995771582 0 0 0 0 0 0 0 0 0 1 
460990000000071     1630504996297592 0 0 0 0 0 0 0 0 0 1 
460990000000069     1630504996808760 0 0 0 0 0 0 0 0 0 1 
460990000000015     1630504997360975 0 0 0 0 0 0 0 0 0 1 
